90029,13,6573
90055,29,4248
90087,31,8890
90049,30,4307
90098,38,2362
90014,0,879
90042,48,7813
90045,15,8941
90002,34,5769
90014,21,8578
90045,22,4838
90098,14,8086
90035,11,5748
90021,26,1295
90036,35,2387
90002,19,4143
90082,4,7705
90099,1,8264
90048,11,5814
90025,3,7378
90070,10,2477
90064,26,3417
90024,18,7592
90091,29,2874
90067,23,6056
90035,33,2787
90000,1,7921
90058,13,6946
90079,42,5673
90090,4,6058
90009,24,4164
90055,18,1640
90036,1,2262
90020,37,1498
90019,39,3822
90019,32,9888
90081,40,3907
90095,36,8493
90080,47,8795
90077,2,2463
90047,16,1471
90082,12,8111
90036,49,6594
90040,37,1335
90013,32,5025
90074,46,1978
90096,42,7433
90031,1,7995
90064,27,1299
90054,20,2392
90093,16,1546
90060,45,2324
90070,9,7193
90070,22,6455
90035,24,681
90045,37,2991
90061,24,7541
90003,14,2455
90004,21,6048
90049,34,7856
90002,17,2900
90098,42,9736
90021,24,622
90067,17,5837
90051,40,449
90044,18,7472
90083,21,3812
90058,18,6947
90032,23,8256
90008,20,8697
90007,15,6602
90079,35,661
90064,37,2877
90066,1,9009
90024,48,1232
90082,24,5038
90040,8,1829
90075,24,9223
90044,24,2301
90079,33,7901
90053,45,5689
90026,37,6498
90049,25,3966
90054,48,8820
90092,34,3576
90037,31,5425
90011,12,7286
90030,14,4471
90015,49,597
90067,44,1242
90080,21,3184
90013,48,7623
90099,34,3601
90089,17,2852
90070,34,1914
90065,5,4500
90039,14,6354
90047,18,8959
90061,44,3326
90045,42,2842
90009,36,4524
90048,31,597
90028,14,7289
90058,32,456
90065,46,8889
90072,47,3052
90089,14,5626
90080,10,1037
90049,2,2584
90020,39,2484
90004,37,341
90052,17,407
90032,34,9784
90019,24,8087
90038,26,3522
90085,40,2728
90068,4,4392
90032,10,9305
90094,33,5894
90001,33,8917
90076,34,4559
90002,16,5702
90011,22,3767
90053,14,1415
90052,26,2811
90091,34,6939
90092,35,2429
90091,23,6195
90026,26,96
90005,11,7933
90007,1,2553
90002,19,3916
90029,37,6066
90012,20,1137
90011,28,8485
90059,16,1440
90064,46,6709
90046,25,4428
90045,0,303
90035,37,8725
90066,49,9565
90070,45,4352
90097,41,4689
90074,33,6212
90003,47,9870
90059,5,8162
90002,47,7765
90069,32,3328
90058,10,5803
90040,9,9158
90029,1,6673
90004,13,922
90073,6,9130
90083,2,5151
90022,30,887
90037,5,3246
90023,41,2262
90025,45,7512
90070,26,9378
90024,45,5525
90077,22,5929
90052,21,2373
90008,48,8293
90037,40,5279
90066,26,9374
90023,5,8574
90023,33,7795
90053,0,6252
90050,47,9164
90033,32,7538
90084,38,4521
90022,31,4839
90015,40,2388
90032,7,8982
90061,32,5209
90023,23,3214
90065,12,8627
90055,10,6647
90029,39,4499
90011,12,782
90078,27,5912
90047,39,3697
90024,28,8838
90087,40,6762
90048,19,3470
90077,10,4402
90056,3,8451
90017,20,3381
90059,24,2283
90052,0,3461
90018,16,2009
90001,40,7829
90004,35,8492
90008,0,4502
90042,15,3233
90085,49,9964
90042,46,9164
90026,36,153
90087,10,2006
90096,35,2528
90003,36,8782
90031,41,8284
90083,48,1477
90002,24,8803
90006,48,6078
90047,32,6195
90042,9,9269
90029,1,5838
90097,26,1353
90025,17,3010
90078,1,9609
90097,27,5387
90015,33,7511
90001,2,3209
90034,5,5791
90099,4,4801
90080,21,8028
90013,2,7548
90038,18,7216
90081,24,7705
90073,49,5406
90087,4,8958
90008,32,2738
90031,14,2621
90001,21,6829
90073,1,1081
90062,11,4912
90015,32,6194
90094,41,8100
90059,12,6956
90083,49,766
90049,13,7959
90082,36,938
90050,5,2963
90056,43,6009
90027,19,826
90046,18,9297
90051,9,6862
90028,40,7236
90066,34,1284
90082,46,5958
90078,22,2561
90049,43,4095
90061,47,9690
90045,9,8801
90032,41,3526
90043,42,814
90066,3,1841
90037,16,8564
90003,0,7576
90000,24,807
90067,32,6916
90050,49,8471
90007,29,3401
90033,48,3457
90092,49,6061
90031,38,5016
90019,0,4516
90032,39,2127
90036,22,9296
90014,20,4955
90011,6,3154
90056,35,709
90021,7,1645
90068,43,4099
90024,35,7267
90031,8,8038
90047,24,2575
90004,39,2333
90031,12,4748
90045,40,8639
90097,44,691
90092,32,5119
90057,38,4421
90093,45,3374
90054,42,2641
90035,25,10016
90031,20,7495
90038,9,870
90034,21,4442
90045,13,4944
90085,10,7556
90089,8,3223
90092,16,3352
90019,15,6968
90049,16,5893
90048,29,5654
90051,15,2505
90052,3,6389
90048,24,9483
90054,29,1040
90018,49,823
90037,18,9851
90046,33,6512
90028,28,1158
90051,21,9912
90018,42,7399
90062,21,768
90044,20,4362
90072,40,1539
90095,49,3478
90088,46,8832
90026,22,591
90019,48,4974
90068,10,4916
90069,47,2804
90064,8,6557
90059,6,1430
90067,25,622
90073,13,2535
90046,30,4042
90089,48,2267
90002,14,983
90016,43,652
90071,23,9521
90045,34,8077
90067,16,6510
90014,7,1687
90019,42,9971
90044,34,1600
90061,9,7009
90017,11,1931
90051,34,3329
90066,21,8637
90061,13,3699
90072,29,7030
90018,21,8048
90046,43,2246
90095,0,1715
90061,17,8499
90095,12,2918
90007,4,7456
90008,28,3671
90075,7,7109
90004,21,8184
90078,36,8764
90081,32,458
90020,18,390
90033,10,115
90082,45,1284
90022,1,3690
90090,3,4677
90015,34,1263
90019,48,1889
90015,2,3678
90018,3,426
90042,46,8988
90004,39,7624
90082,47,8387
90013,34,7961
90066,4,3471
90094,22,4718
90048,17,9375
90055,28,4706
90072,48,1660
90066,16,1055
90057,9,3687
90016,33,3298
90039,44,8764
90048,48,2904
90089,45,4045
90023,4,9171
90049,30,1017
90018,43,970
90046,9,5974
90020,11,3522
90099,42,3487
90057,20,3901
90040,17,846
90065,28,5870
90096,28,9673
90094,46,3636
90034,4,8913
90050,34,7892
90097,2,472
90048,11,8051
90062,49,6863
90077,9,4227
90046,13,2572
90080,44,5789
90049,42,7264
90014,0,7781
90092,36,6965
90024,22,5198
90033,19,8935
90018,48,657
90092,3,9933
90072,0,2238
90014,0,8523
90023,40,975
90021,0,3727
90092,40,1305
90029,10,5873
90014,28,9097
90058,3,8755
90012,45,87
90034,8,2207
90036,38,8339
90075,24,7321
90010,38,9059
90094,20,7138
90008,17,5448
90051,20,807
90072,12,4908
90063,3,9445
90030,17,5367
90037,45,8111
90008,17,7498
90094,30,4682
90015,12,673
90042,10,896
90043,22,6263
90021,37,550
90050,32,6139
90014,11,9649
90099,40,2878
90090,9,1724
90021,16,7402
90007,26,9623
90098,21,5876
90060,13,1201
90021,41,8028
90041,21,5760
90038,35,539
90097,38,326
90095,28,7147
90083,21,7036
90066,17,7802
90097,32,4258
90054,2,2656
90052,44,9446
90034,31,1962
90046,26,7217
90098,32,209
90090,35,8250
90069,1,1095
90025,31,5958
90051,25,7688
90054,43,7224
90075,4,7568
90098,19,1169
90048,47,4178
90030,46,143
90061,45,8074
90015,41,4934
90012,24,8808
90017,19,9854
90082,28,2814
90005,29,6227
90097,16,622
90024,7,7475
90029,39,3413
90005,21,1240
90078,29,3263
90019,44,453
90045,35,3823
90007,2,1915
90003,40,5602
90070,33,3928
90013,39,3633
90006,7,1951
90076,44,5900
90094,11,4460
90054,23,5534
90018,32,2480
90047,30,5057
90047,37,4193
90047,2,4351
90035,2,7101
90000,18,3268
90072,40,5206
90080,37,9433
90030,34,7326
90017,6,2201
90096,47,6099
90011,3,2990
90012,46,2016
90001,8,7365
90088,14,1970
90096,44,2069
90026,32,6001
90054,38,9739
90046,21,3963
90027,32,10000
90009,38,5272
90077,45,2434
90046,4,3769
90009,13,4838
90092,28,7047
90046,24,7734
90096,26,1566
90005,39,7261
90059,28,8631
90055,6,6961
90075,47,3645
90012,44,6230
90021,18,4668
90099,6,5200
90016,7,8029
90010,44,5091
90017,0,3162
90025,28,7822
90039,1,4223
90092,20,4090
90049,46,486
90044,38,698
90039,22,8202
90089,24,2637
90099,39,7364
90098,15,8200
90051,37,3167
90062,35,6404
90073,44,5407
90006,19,4526
90002,39,2172
90019,28,1933
90001,44,1142
90052,10,8718
90089,17,7629
90033,1,4232
90055,36,3131
90030,10,9228
90025,36,9916
90034,38,2264
90086,43,9932
90026,18,4902
90002,7,6302
90004,6,9139
90085,30,4137
90085,19,1839
90009,22,7844
90003,40,6995
90093,5,8557
90097,45,9399
90048,41,245
90038,31,6220
90057,22,3152
90051,2,1917
90091,33,573
90000,46,1041
90008,44,8601
90045,31,4136
90034,43,9131
90037,24,839
90022,35,474
90053,35,7511
90000,44,4243
90097,10,4687
90047,49,1940
90093,31,8134
90033,23,354
90023,25,2319
90096,12,2875
90093,49,7972
90058,39,301
90099,19,5192
90037,47,469
90007,24,1085
90027,44,7672
90015,7,7394
90097,3,3185
90054,0,3869
90052,47,2614
90024,18,1655
90069,24,233
90022,26,2736
90009,5,4733
90084,41,9708
90046,14,7876
90088,28,8346
90090,46,6264
90081,10,7997
90045,34,8116
90099,15,3515
90033,20,5109
90087,19,9263
90031,45,5976
90064,39,4658
90095,40,6324
90079,10,4586
90032,41,9030
90088,39,2251
90075,47,6202
90046,12,507
90019,18,6995
90090,11,5913
90072,18,5030
90067,20,5917
90053,24,5480
90002,12,8546
90005,2,5929
90047,12,5350
90077,18,425
90002,6,6437
90047,5,6618
90057,10,8001
90088,47,9739
90058,6,8015
90093,5,1058
90009,45,2979
90082,37,7500
90052,36,9337
90023,43,7089
90005,28,8951
90083,42,9193
90009,0,9482
90079,5,9814
90086,40,6628
90038,44,658
90042,10,7431
90077,45,2921
90059,11,1902
90031,23,4512
90081,35,8757
90043,11,8182
90074,13,9053
90004,32,8866
90074,9,4105
90057,44,7328
90082,0,4460
90077,11,3409
90062,28,8937
90027,37,9865
90007,0,2289
90098,7,1674
90065,39,1783
90047,47,9974
90016,1,1182
90019,18,9361
90010,22,7897
90067,0,4972
90083,18,3625
90031,18,192
90087,44,1124
90083,3,8030
90051,30,6720
90032,37,2359
90022,30,7247
90006,10,6304
90088,33,7289
90090,21,7434
90038,30,8979
90066,2,4760
90048,41,5629
90051,10,2352
90039,45,6812
90052,4,5885
90055,6,6631
90081,30,4578
90050,22,7375
90065,5,4037
90004,40,1373
90050,16,7678
90088,47,461
90072,33,1711
90055,30,5182
90062,29,9425
90068,37,5942
90043,7,1381
90073,39,6691
90015,49,137
90093,11,1356
90012,19,7659
90018,0,5804
90007,48,8658
90012,29,2060
90039,14,9663
90069,0,5924
90009,44,2082
90013,9,2798
90098,0,6945
90028,45,4646
90002,41,82
90007,18,6822
90096,13,3641
90064,23,6095
90065,47,9130
90011,21,6486
90015,36,6486
90096,4,8284
90086,14,4030
90098,11,568
90097,26,7320
90032,0,1145
90000,27,8473
90002,21,6155
90003,14,9338
90009,22,5676
90073,29,4099
90069,42,2511
90072,2,3065
90078,29,3098
90012,16,5856
90003,30,3876
90090,16,3526
90088,2,9672
90031,41,9446
90022,21,643
90078,13,4189
90014,7,648
90086,3,9389
90052,31,4655
90060,22,7562
90068,4,2181
90059,32,3804
90057,1,6066
90077,29,946
90038,13,1788
90016,48,2884
90088,39,1986
90059,31,524
90007,12,8599
90091,4,9610
90006,48,3486
90060,25,407
90059,3,2125
90084,38,9569
90078,25,4423
90038,13,530
90050,25,1875
90014,28,1350
90068,45,6315
90018,40,8842
90069,15,2186
90094,49,420
90089,48,6206
90001,17,5255
90001,34,9269
90062,40,7713
90065,37,4023
90048,22,2810
90086,18,1897
90013,24,1996
90065,24,4038
90099,23,2979
90055,14,2089
90054,24,6632
90088,46,9484
90038,16,647
90071,18,7961
90075,48,5645
90092,39,4769
90007,29,858
90065,6,4853
90060,22,2565
90077,28,2426
90011,19,1442
90098,5,2354
90042,12,5405
90091,47,3518
90069,44,6721
90090,39,9557
90088,15,3610
90038,34,9954
90067,20,1355
90034,0,2598
90078,2,1894
90060,18,5889
90019,5,1540
90079,39,7429
90094,36,4943
90084,44,1620
90041,14,5025
90043,25,2030
90052,36,3765
90051,22,8727
90092,11,8599
90032,31,2867
90017,26,847
90054,8,6352
90006,28,325
90005,14,7178
90084,14,520
90034,36,3645
90096,6,8829
90020,46,6595
90053,5,7182
90057,0,493
90097,20,9684
90034,10,9027
90062,30,8883
90051,25,5038
90083,37,3019
90059,44,1900
90062,35,5493
90081,3,9017
90022,38,2777
90069,33,6877
90090,48,6547
90027,47,7851
90071,31,7386
90071,3,6511
90018,4,911
90090,22,3372
90076,45,1375
90017,5,7130
90003,10,924
90057,37,7563
90062,13,6937
90091,0,2050
90018,15,3113
90097,34,7488
90073,28,1422
90007,27,6008
90081,44,2566
90082,43,8317
90010,47,7208
90083,13,1377
90086,3,9348
90030,33,3447
90000,42,2837
90021,44,3121
90034,34,979
90082,38,528
90012,12,5357
90075,22,7903
90008,34,4099
90041,3,2756
90017,42,7492
90064,18,1238
90004,25,873
90016,37,117
90075,22,3034
90054,18,6698
90047,20,1795
90027,36,4157
90023,40,923
90033,35,4211
90045,10,9157
90016,5,6816
90092,1,3962
90034,49,2978
90019,11,9155
90060,27,9749
90082,19,5458
90035,18,5644
90017,12,7876
90034,27,1319
90027,1,5109
90050,27,3674
90079,14,4043
90002,18,1383
90040,11,7529
90060,9,4113
90029,34,5773
90042,27,7517
90043,45,1457
90001,26,4756
90058,25,9272
90001,31,6147
90047,20,5744
90023,7,6999
90046,1,6329
90047,9,2154
90025,14,1412
90079,5,719
90009,27,8244
90025,9,10010
90087,11,5635
90096,32,2257
90034,15,6699
90035,29,9046
90011,49,3209
90067,14,8911
90047,27,8005
90043,46,7223
90018,15,6330
90049,20,779
90040,26,2421
90030,37,1236
90079,44,6227
90079,11,4525
90048,38,1483
90094,24,7680
90045,10,1039
90074,30,4679
90072,30,5857
90005,21,5998
90066,10,1835
90033,48,9118
90064,15,3031
90087,32,610
90021,2,8974
90019,8,4902
90069,34,4190
90027,0,7649
90039,28,3512
90052,10,2912
90068,16,4681
90065,32,3534
90003,43,9586
90014,0,2404
90067,23,3663
90034,41,4109
90065,8,310
90098,38,5606
90085,39,3471
90062,30,9091
90069,20,8208
90028,0,2389
90088,2,7915
90046,13,2339
90060,38,3692
90074,29,6155
90027,28,9982
90041,46,6322
90083,2,150
90017,29,9840
90047,5,1545
90036,44,3873
90024,46,4565
90088,21,2438
90018,26,9421
90033,44,1415
90092,45,5522
90080,19,2648
90015,34,2973
90084,0,5757
90027,13,640
90036,32,4586
90015,4,3146
90086,1,4717
90022,0,9419
90047,21,401
90028,28,2967
90075,22,3463
90062,4,9479
90068,26,2612
90055,5,3175
90066,12,2521
90085,21,7567
90014,8,9128
90022,31,7357
90042,18,2976
90006,49,3523
90013,29,6880
90012,29,9797
90080,18,1087
90069,16,1105
90071,49,2321
90027,10,8991
90013,12,8086
90021,11,2700
90047,6,1747
90094,14,8964
90050,46,5747
90048,9,6977
90075,39,6778
90085,36,6342
90092,22,8051
90009,18,7886
90037,13,4334
90048,26,5314
90037,0,2614
90069,38,4430
90018,25,2789
90068,4,9260
90062,18,4050
90025,33,1542
90042,35,2207
90077,28,4071
90075,44,8441
90005,10,8873
90050,42,4758
90021,46,8199
90096,6,8256
90093,18,8886
90033,9,4001
90010,9,9516
90057,46,729
90045,10,3691
90074,28,5525
90042,29,8440
90061,48,2883
90066,35,189
90051,16,1301
90008,45,3375
90095,32,986
90027,48,1537
90086,13,603
90080,29,2590
90067,26,5950
90086,48,5603
90016,27,9459
90023,46,8440
90021,16,3192
90084,9,3337
90089,30,986
90064,49,8315
90006,10,4121
90054,11,8171
90063,48,6416
90064,4,2286
90080,28,6179
90054,45,7825
90009,15,7227
90015,21,3047
90033,7,9986
90018,39,2367
90003,48,5360
90004,25,7755
90005,32,4719
90011,45,4945
90005,15,5733
90084,18,7388
90098,20,8675
90043,9,8032
90048,35,3264
90080,29,708
90027,18,3684
90080,13,8000
90086,25,4017
90088,42,5370
90012,48,1366
90011,5,8321
90097,49,1746
90027,13,4124
90055,31,9955
90043,47,2244
90062,22,3735
90069,10,5892
90036,38,8420
90052,39,740
90042,46,3684
90058,28,1585
90008,9,7530
90062,22,8911
90002,13,8284
90048,8,490
90067,27,723
90064,7,7713
90054,38,2092
90098,16,1797
90064,22,6743
90094,8,1157
90080,6,8967
90060,14,394
90030,10,8709
90042,5,9626
90061,6,6581
90003,34,4010
90024,9,7400
90026,18,4556
90085,32,9745
90041,43,1341
90017,17,1124
90066,46,3808
90064,15,8505
90007,41,7195
90013,16,7615
90031,44,7172
90024,19,6777
90055,44,6582
90066,21,2990
90027,11,5229
90040,27,7129
90000,39,2499
90086,7,8021
90057,42,626
90026,44,5194
90037,39,9453
90092,3,6755
90040,41,1814
90038,38,5981
90028,17,9509
90044,32,8112
90038,16,900
90031,30,9568
90043,19,922
90030,47,2181
90076,24,7309
90028,21,3585
90037,28,515
90008,35,1297
90020,13,6871
90062,2,5733
90084,11,5846
90054,49,2961
90014,36,2131
90086,26,8191
90054,15,3101
90066,18,4156
90092,23,672
90050,18,6996
90023,45,4503
90063,49,3027
90016,47,485
90055,6,8780
90061,39,8254
90003,35,504
90012,29,9891
90085,37,3652
90028,5,3160
90027,0,2022
90057,23,6463
90082,30,2623
90095,39,5355
90058,29,3461
90028,22,9021
90083,39,6096
90053,4,3283
90029,19,2199
90010,8,1969
90016,29,6911
90037,30,4055
90042,16,847
90044,16,1318
90009,34,357
90049,47,1248
90052,19,7817
90086,17,2890
90052,5,5606
90087,37,5555
90060,37,880
90070,25,2839
90050,5,7019
90023,11,5530
90044,45,57
90042,10,4612
90072,20,6536
90077,5,8093
90099,39,462
90094,26,2419
90078,11,3250
90086,26,3400
90043,13,6384
90027,38,6552
90053,9,8653
90059,0,5404
90045,22,8670
90061,36,9769
90097,4,6127
90059,4,9383
90092,6,1075
90025,14,974
90094,34,592
90095,1,424
90035,27,9729
90013,9,7967
90071,38,6033
90095,45,2942
90000,2,154
90069,49,6768
90045,32,1718
90088,40,7033
90060,5,3119
90023,16,2096
90054,24,7747
90039,41,6449
90010,15,2939
90087,18,5173
90026,10,7528
90041,48,1226
90059,41,4877
90073,37,9014
90034,29,1737
90020,6,3410
90093,5,1418
90074,22,6016
90020,37,6770
90044,4,5683
90071,22,5143
90057,29,9609
90077,13,6594
90043,29,9621
90076,43,5000
90056,8,3023
90083,8,2556
90019,6,8028
90026,15,8814
90090,14,6571
90021,10,7670
90076,17,6989
90096,34,8464
90080,24,9453
90053,10,2036
90053,28,7797
90098,33,9388
90047,30,9649
90045,21,8432
90016,49,2746
90053,14,8517
90059,41,9919
90098,33,8581
90072,29,1054
90050,28,7070
90081,22,1454
90072,18,3698
90062,44,7494
90004,42,5918
90050,36,7005
90035,9,4578
90069,41,7686
90087,12,8530
90011,25,3924
90071,31,4665
90019,39,1149
90009,29,1176
90088,49,3777
90026,24,7280
90040,17,4132
90094,0,6845
90016,9,8880
90082,4,8364
90061,9,62
90025,23,7005
90036,44,3802
90088,0,9008
90063,15,9670
90078,15,3865
90094,9,1413
90024,41,7211
90024,48,1545
90031,20,6263
90085,19,3830
90093,16,833
90003,30,8013
90071,30,2961
90078,34,1722
90035,8,8730
90008,29,5185
90066,34,7176
90049,15,8107
90078,28,6655
90025,45,4596
90078,18,4318
90088,7,4307
90039,23,2955
90013,39,3279
90016,13,8975
90068,26,519
90082,36,4869
90028,28,8740
90092,44,6490
90056,17,5157
90035,6,736
90074,17,3484
90045,32,5113
90005,15,2645
90087,6,4056
90092,24,1496
90097,42,5808
90078,33,5760
90097,32,9779
90007,38,4490
90041,11,4234
90080,12,6693
90052,49,5619
90094,17,8406
90078,21,8150
90006,48,9359
90016,7,7133
90007,45,8802
90091,0,5020
90059,3,6557
90089,22,8613
90058,37,5137
90085,35,5499
90064,18,1634
90051,42,4719
90056,17,2925
90038,48,757
90045,18,8021
90019,22,9984
90081,5,8119
90068,45,4240
90023,5,392
90085,3,4057
90053,3,1127
90095,5,6830
90049,14,726
90048,39,7853
90074,23,2777
90099,29,2088
90000,22,5882
90027,3,7348
90091,12,628
90089,26,1265
90056,40,1262
90032,19,6525
90017,4,6456
90090,48,2632
90076,11,2752
90068,8,4179
90055,27,5280
90069,20,2725
90090,41,7783
90078,18,8167
90097,24,7708
90017,10,4483
90020,34,2940
90039,33,3269
90030,25,8068
90055,49,5200
90094,12,8244
90013,3,4412
90070,38,2214
90054,27,1720
90050,22,1235
90037,5,5177
90092,19,2241
90037,37,4689
90011,11,5237
90070,37,5976
90041,30,6628
90034,26,6281
90001,26,491
90002,14,1040
90068,25,9458
90031,45,5509
90050,39,8281
90057,24,7669
90082,24,8155
90092,47,8185
90081,33,6275
90012,1,1420
90054,32,588
90021,22,6056
90079,14,980
90078,22,854
90036,24,3158
90004,41,3421
90028,44,7614
90088,49,1968
90049,27,159
90076,47,9304
90083,48,69
90094,15,5536
90030,14,2971
90018,20,2481
90095,17,3929
90061,31,724
90005,33,8914
90059,46,7589
90018,26,6046
90007,26,1070
90032,27,1224
90024,49,313
90058,13,5207
90059,22,1306
90022,32,8801
90023,9,211
90096,8,7441
90078,49,7560
90037,3,8242
90000,40,2928
90089,37,9503
90068,43,544
90094,44,3940
90059,16,4163
90068,29,6265
90025,24,1140
90084,11,6203
90014,47,6657
90052,20,3235
90061,20,4420
90078,36,1860
90068,49,10030
90007,12,6304
90033,37,2977
90061,31,2314
90085,10,1503
90045,43,3076
90057,21,9817
90078,32,6457
90095,41,1789
90091,3,9835
90083,35,6295
90031,37,6224
90068,29,1329
90001,39,6255
90092,37,947
90079,36,1341
90077,0,798
90054,17,7436
90031,40,4792
90089,41,5317
90065,49,2063
90017,6,1984
90069,8,3746
90035,17,9830
90024,12,5605
90019,34,933
90095,16,6643
90082,6,4920
90072,15,7046
90049,26,5061
90054,32,4390
90063,14,5521
90051,25,8551
90020,16,3234
90018,38,2295
90018,24,974
90062,39,2075
90020,5,771
90052,44,3964
90009,34,3385
90017,1,1819
90096,37,4502
90074,12,8882
90075,40,2419
90082,6,7270
90084,9,6353
90062,11,1959
90099,7,7331
90032,39,2121
90010,13,6362
90063,41,2606
90032,43,4825
90090,27,9111
90034,10,9873
90061,26,4040
90058,44,3010
90057,36,6849
90089,49,1419
90073,29,6718
90072,36,3785
90076,20,390
90062,24,7547
90069,32,2070
90045,44,9175
90045,32,3192
90049,21,734
90079,16,5256
90034,13,9234
90036,24,7092
90097,14,5913
90064,42,6607
90082,28,5458
90079,1,1474
90008,21,2906
90066,14,9646
90084,28,3103
90089,27,9309
90007,42,9325
90092,27,691
90046,9,7330
90027,36,931
90037,43,1229
90060,26,9017
90046,14,4396
90030,26,5016
90090,9,6295
90094,35,2635
90066,48,8368
90014,9,2211
90063,19,4735
90006,44,6566
90080,29,6205
90009,40,6382
90043,12,344
90060,27,732
90096,0,562
90077,19,5119
90058,49,4894
90047,7,7112
90094,10,619
90025,14,7057
90071,49,8104
90076,40,8428
90017,13,2210
90067,18,6056
90069,5,4275
90089,3,7678
90069,27,3585
90065,15,3956
90057,23,4437
90033,12,3109
90079,11,3513
90033,37,6648
90011,35,3609
90021,20,1799
90051,2,9117
90090,12,2792
90072,4,8731
90035,18,8750
90076,47,5420
90048,40,9140
90050,48,2972
90067,36,6131
90067,44,4538
90031,37,5773
90057,41,8890
90004,15,3403
90080,45,565
90029,27,3845
90020,7,8837
90004,45,5015
90019,8,3542
90066,4,634
90026,1,9490
90007,32,1177
90071,5,5219
90002,22,3134
90012,7,6116
90046,26,2805
90065,3,2687
90075,28,5384
90032,27,271
90094,36,3856
90055,29,9023
90016,46,7906
90023,40,4984
90083,24,9466
90086,31,3974
90086,31,5447
90061,6,802
90073,33,9617
90066,35,72
90010,30,2933
90009,18,7490
90028,40,175
90014,6,714
90082,5,2184
90004,40,5771
90092,31,9163
90017,23,2847
90040,8,7795
90096,19,945
90097,19,3114
90054,0,7035
90008,25,4827
90017,20,5737
90057,25,6240
90000,5,5780
90004,19,8259
90007,4,2475
90014,23,9391
90017,2,569
90018,9,7723
90069,28,7480
90067,29,8257
90078,25,5026
90062,2,4593
90079,19,5584
90092,43,8090
90095,15,5960
90051,35,9973
90040,5,2214
90098,10,4629
90083,1,5638
90052,41,9538
90005,6,2945
90025,44,8918
90068,13,2323
90018,5,8221
90079,1,9435
90083,9,4116
90014,46,6488
90096,38,5603
90054,23,2195
90029,10,2859
90055,13,882
90083,40,6741
90065,12,5300
90038,49,694
90072,24,4345
90098,44,6048
90035,48,2382
90008,22,7489
90019,39,2594
90051,18,947
90043,32,1793
90020,48,5249
90016,6,9076
90034,8,213
90024,31,5143
90066,39,9241
90062,39,4372
90052,37,4841
90038,30,3220
90056,3,9038
90069,17,7716
90060,1,7411
90090,39,1565
90036,36,8514
90064,24,4762
90068,36,7607
90072,34,9014
90049,12,4782
90025,46,5860
90054,47,7136
90022,29,2807
90025,47,8028
90047,29,1116
90082,30,8985
90050,26,6346
90047,32,58
90038,18,5429
90043,36,8247
90010,15,1997
90050,8,5378
90057,12,4534
90065,36,2142
90089,35,6685
90052,36,2973
90054,23,9484
90056,34,6194
90042,3,3103
90036,21,8860
90092,4,6031
90041,37,6679
90094,37,4407
90093,46,3724
90046,13,1162
90018,35,1520
90009,12,2185
90082,31,6775
90018,12,1368
90060,3,8099
90003,5,8617
90026,25,1142
90024,7,3070
90049,9,1554
90037,29,8171
90009,23,2411
90065,33,6976
90019,18,1891
90038,44,3618
90030,20,6027
90030,18,2995
90070,36,6984
90036,6,8410
90010,17,3465
90055,21,7141
90087,0,2318
90050,35,5466
90029,3,8174
90067,31,773
90031,21,8135
90092,35,7298
90052,32,9237
90034,3,7967
90022,8,9021
90012,14,604
90004,19,2697
90033,8,3690
90053,48,6878
90035,9,7357
90049,9,4534
90014,41,1055
90079,45,6696
90088,7,9031
90003,10,4647
90027,31,5732
90094,49,8297
90095,40,490
90005,13,3967
90078,13,2212
90022,4,4573
90024,48,5285
90026,38,5396
90040,46,5305
90073,16,1279
90074,42,8394
90033,23,937
90064,45,3155
90006,10,6124
90050,26,383
90040,25,7410
90031,47,597
90087,1,7986
90070,9,8663
90069,43,7844
90010,27,8664
90090,46,7469
90034,44,3643
90048,31,6625
90042,13,7477
90024,13,9221
90048,12,5036
90013,9,2299
90079,48,5979
90083,31,9606
90020,43,6186
90038,0,1464
90019,45,5511
90003,4,5284
90021,14,2474
90066,46,1468
90000,4,391
90048,4,2259
90004,12,4273
90037,40,9291
90098,16,2450
90094,27,5320
90086,43,7591
90010,2,2236
90083,20,7945
90081,31,4243
90045,5,2153
90078,37,4517
90074,48,5793
90077,12,2748
90074,21,6490
90028,22,6854
90050,41,9473
90018,25,3217
90099,22,1847
90064,38,1412
90090,25,8483
90062,4,2842
90080,34,8167
90032,33,4148
90078,19,2927
90032,33,2326
90034,34,1871
90043,16,7010
90094,25,7803
90056,6,1152
90096,11,8474
90092,47,9300
90016,32,8689
90023,12,8964
90089,36,6906
90002,24,1226
90012,12,8935
90055,10,4636
90043,14,6728
90077,49,549
90074,44,4326
90035,5,7295
90026,5,1480
90099,15,8728
90073,10,9552
90001,24,3648
90004,10,7373
90082,28,4399
90070,44,5268
90082,27,9416
90026,5,7332
90050,34,857
90047,16,93
90048,1,9029
90024,47,7118
90030,36,9722
90092,43,7922
90088,47,10047
90050,3,8947
90096,11,4506
90067,2,7227
90001,43,5143
90035,30,9542
90074,30,1294
90048,16,333
90041,27,7830
90037,42,7382
90051,10,6332
90067,42,8055
90027,24,9395
90098,14,1718
90039,33,9249
90070,8,2304
90055,14,1834
90045,16,2078
90091,9,5198
90067,29,5351
90004,34,3662
90007,29,9236
90081,24,6145
90047,17,7121
90015,14,6185
90083,44,6950
90061,25,6026
90001,32,145
90003,27,4001
90076,26,7547
90055,40,1240
90050,23,621
90061,20,9017
90077,31,3906
90044,48,2963
90070,18,9354
90086,2,1802
90035,30,2505
90098,11,1624
90043,1,7383
90046,28,391
90090,40,1400
90085,1,9659
90036,39,8957
90095,15,5529
90051,24,2126
90033,12,2916
90019,18,9498
90093,38,8953
90031,37,1382
90061,18,2201
90078,40,9345
90015,40,136
90004,27,9763
90044,3,8117
90071,48,8449
90069,48,720
90068,39,963
90069,28,4495
90070,30,7213
90024,5,6320
90049,1,9116
90009,18,7285
90071,30,8044
90004,24,3906
90059,35,1033
90069,39,476
90037,44,526
90034,13,8645
90067,49,4340
90066,3,7350
90055,24,5104
90034,8,5499
90015,24,2049
90024,35,10037
90008,41,4018
90041,32,7772
90015,19,405
90014,11,1475
90064,14,2667
90042,4,1907
90013,10,4552
90083,43,2060
90022,14,5309
90043,43,4764
90049,5,4952
90087,4,9847
90041,42,3801
90022,49,6344
90034,18,4681
90041,33,9529
90046,1,2354
90005,20,2678
90041,23,3056
90054,23,429
90007,5,8431
90006,43,330
90046,25,5989
90018,1,3545
90066,2,3549
90085,32,8106
90016,44,1341
90034,4,9726
90066,43,3965
90084,32,7848
90051,43,8264
90099,47,500
90025,27,9883
90088,20,1868
90051,30,3503
90063,33,9661
90018,33,8918
90035,42,9322
90050,39,2048
90093,16,8873
90075,9,4094
90028,35,7894
90014,13,1444
90049,17,4858
90087,22,3056
90001,48,3069
90026,43,5805
90015,40,5026
90065,48,1390
90097,38,6020
90078,40,5840
90064,36,4618
90096,31,5988
90079,1,8402
90075,17,2933
90061,12,5020
90073,1,3024
90008,21,2483
90089,1,8434
90029,40,5635
90039,3,2997
90098,1,7108
90026,3,835
90003,1,7281
90039,20,2183
90024,9,1062
90005,2,8390
90002,16,4523
90050,28,7437
90052,17,8428
90044,3,5551
90061,45,6550
90092,15,5204
90081,45,3049
90035,43,3660
90076,31,5376
90077,49,7779
90090,8,6437
90089,21,3241
90050,24,8193
90097,40,766
90068,48,1065
90037,14,3623
90043,1,9590
90091,10,8293
90083,18,1164
90075,11,9452
90057,28,9902
90072,44,3357
90080,18,4114
90050,38,7619
90051,14,9642
90067,21,9366
90015,0,7788
90029,25,5828
90040,14,2223
90065,0,7284
90039,7,3317
90035,40,7844
90085,34,3926
90014,2,3226
90029,19,2078
90039,14,8520
90032,28,7493
90048,36,361
90028,2,2917
90078,40,2686
90009,4,2056
90043,48,8639
90083,21,3418
90049,35,1624
90072,3,6116
90046,21,9783
90075,13,1969
90016,9,2353
90022,3,6908
90040,20,2008
90012,37,1307
90074,6,4646
90085,13,7365
90075,9,6234
90096,1,8569
90030,35,1495
90095,36,6786
90074,5,9296
90096,11,3694
90046,39,2579
90016,23,6712
90009,26,9970
90073,39,822
90047,47,8007
90029,46,7083
90002,9,5955
90042,6,7703
90085,12,4459
90027,12,76
90082,4,9186
90050,16,9521
90030,3,4464
90039,24,2546
90019,19,9056
90015,15,8831
90033,2,6964
90037,48,1965
90088,19,8149
90035,7,4510
90015,37,6813
90014,13,1810
90024,36,1219
90006,16,8557
90036,3,3387
90043,29,505
90043,49,7384
90054,11,1877
90029,48,5206
90050,36,7145
90022,39,9286
90056,5,8017
90085,33,9600
90003,43,9067
90042,48,6324
90062,31,8354
90084,16,3936
90037,29,9417
90095,35,2118
90095,29,5597
90036,2,8399
90085,16,9890
90076,2,6400
90077,15,6884
90043,37,4458
90026,27,3608
90003,40,3613
90089,30,7504
90097,9,3184
90029,6,3146
90054,39,53
90003,12,5779
90074,2,7733
90063,22,8424
90038,22,2797
90074,12,6472
90097,16,8424
90095,26,4535
90040,13,9880
90085,22,4355
90038,49,7793
90008,44,5449
90021,44,4572
90065,9,7865
90052,8,690
90097,11,6930
90040,1,7555
90014,26,6367
90022,11,6145
90029,35,4683
90022,48,3186
90018,13,9822
90019,29,336
90083,44,6178
90091,42,1579
90060,48,1946
90070,34,9096
90064,49,1032
90083,23,8184
90044,13,1967
90008,33,591
90064,17,9490
90070,5,5373
90086,2,65
90082,46,7863
90009,49,818
90062,43,3086
90064,7,228
90014,21,7925
90088,5,5564
90068,9,6687
90053,34,6396
90059,26,3086
90081,40,10038
90010,4,8228
90077,46,6141
90023,36,9277
90004,17,627
90070,25,8096
90024,16,8139
90058,14,9155
90027,18,6703
90043,28,5328
90063,6,9207
90004,4,2341
90039,4,4668
90032,33,1361
90008,10,6701
90017,15,5120
90089,37,7932
90081,13,7733
90021,49,8105
90034,48,2335
90018,27,9939
90089,6,9394
90044,44,7730
90083,2,6081
90000,25,6622
90054,25,4872
90087,0,3023
90003,1,57
90048,29,6423
90000,33,9923
90084,43,9185
90036,27,8847
90053,15,2390
90067,24,2749
90060,35,9298
90085,13,2321
90028,7,4973
90042,2,7187
90043,46,5877
90079,15,1643
90013,43,2829
90042,6,5785
90033,27,479
90079,19,5566
90011,22,8082
90076,39,5329
90058,32,3945
90040,44,2458
90012,39,791
90072,21,3692
90033,12,1200
90078,46,4637
90002,0,7054
90023,47,5072
90026,4,7310
90022,20,3025
90078,6,7053
90098,33,9855
90033,4,9903
90013,29,4158
90099,9,4694
90023,47,7198
90003,23,5669
90020,11,2356
90034,35,8379
90046,40,1743
90005,25,6463
90099,38,6178
90042,20,1945
90099,15,481
90097,13,6264
90020,24,2547
90092,37,4301
90092,14,9502
90072,17,5580
90025,1,4204
90095,46,8580
90008,33,7102
90004,25,1564
90051,44,617
90094,37,8443
90070,8,6048
90037,37,1305
90051,8,2382
90071,45,852
90052,1,4592
90085,3,8195
90028,2,6399
90019,45,8636
90069,4,1013
90089,43,9240
90064,49,9978
90026,19,3656
90033,27,9519
90092,45,9631
90003,35,9827
90046,7,6197
90001,13,959
90099,8,8231
90067,4,5142
90066,27,1348
90075,43,2578
90036,19,430
90084,26,1207
90059,46,1178
90012,47,4650
90022,40,3005
90030,7,8878
90058,7,4987
90019,46,9503
90050,36,127
90050,17,6475
90021,19,3118
90059,29,2605
90072,46,9733
90052,8,9262
90072,46,4956
90004,19,4186
90026,12,1663
90008,25,3403
90098,13,5288
90099,4,7217
90051,20,635
90000,14,7537
90060,32,1552
90048,22,4935
90005,46,5270
90057,47,7206
90042,1,289
90081,7,9515
90001,3,6793
90086,18,6068
90078,39,6790
90004,6,1881
90001,39,8689
90007,38,6207
90088,2,7259
90057,2,4153
90057,30,9628
90059,48,7319
90010,32,268
90061,16,9049
90045,32,7885
90059,3,8869
90091,15,1470
90005,47,4441
90029,19,2208
90097,15,9082
90083,23,6621
90069,42,7706
90086,18,8756
90013,28,3141
90064,31,9983
90077,29,8201
90003,9,4948
90040,7,5382
90027,42,4114
90052,11,4235
90029,22,1961
90074,23,9927
90038,36,9737
90069,13,6473
90096,6,8204
90055,24,237
90090,35,9850
90079,39,6571
90090,42,7840
90053,21,549
90041,18,1162
90002,3,3081
90009,16,408
90092,10,7683
90092,14,8070
90049,35,7144
90090,2,1414
90009,21,9820
90054,32,1098
90036,29,3049
90094,8,425
90016,38,9630
90079,23,6076
90067,20,495
90065,11,3669
90057,34,2432
90060,14,9295
90050,11,1937
90008,41,2103
90023,23,9906
90056,21,9012
90073,22,2476
90073,21,2311
90044,19,7015
90045,47,6986
90098,10,8220
90002,25,8955
90046,49,6947
90055,41,4840
90079,30,2855
90081,48,991
90086,13,5044
90041,24,5841
90014,39,5023
90011,1,1447
90099,8,9770
90044,6,6373
90068,12,2114
90061,37,4540
90010,49,1282
90000,16,9491
90082,10,4367
90098,18,749
90014,32,9768
90022,20,9044
90098,28,795
90049,40,144
90046,17,1472
90057,9,8809
90058,28,7936
90094,14,681
90045,43,7948
90030,48,6676
90036,4,3131
90043,38,1964
90030,22,3178
90080,12,4021
90078,16,7628
90031,22,1733
90032,32,122
90002,3,8875
90024,33,7743
90073,45,9561
90007,41,9364
90011,44,3598
90008,35,9200
90045,42,6296
90010,43,3734
90017,16,6785
90078,16,9223
90036,23,6907
90012,23,3491
90050,12,3599
90050,7,8806
90066,35,5835
90074,33,1706
90052,39,6964
90034,43,576
90070,26,9150
90016,48,5912
90024,42,2402
90032,43,6207
90016,39,7032
90013,25,8741
90015,29,7596
90099,28,3782
90009,3,569
90005,26,9897
90039,6,8690
90064,25,5216
90005,26,3620
90079,26,2549
90094,5,3568
90060,46,2042
90064,9,305
90031,42,9529
90071,37,6037
90019,5,2954
90026,27,1222
90074,47,3169
90084,6,8411
90049,45,8010
90049,38,9999
90038,6,1189
90064,41,1014
90088,24,9371
90087,10,5218
90018,2,1266
90024,47,8054
90098,39,833
90055,19,746
90045,19,7012
90011,33,6188
90088,22,6437
90022,9,6747
90052,21,4420
90004,6,6640
90081,22,7846
90072,7,4250
90057,14,3865
90051,47,1455
90090,20,7133
90026,3,7842
90003,2,8533
90098,31,4171
90079,9,7796
90090,24,886
90092,36,9538
90096,10,9419
90095,37,9687
90030,44,4028
90053,6,8943
90030,28,9340
90087,35,8552
90038,48,9584
90084,18,2830
90007,9,8832
90030,31,3743
90086,24,5976
90051,10,1731
90038,26,988
90064,15,1818
90094,41,3150
90003,24,2136
90022,40,9522
90065,3,6474
90068,29,736
90062,25,7529
90096,32,3086
90020,26,7776
90028,21,1918
90038,11,5939
90071,4,8789
90001,37,9880
90033,29,3652
90034,22,6230
90013,10,575
90045,32,4779
90021,19,8862
90026,12,182
90091,44,4122
90089,9,3005
90027,4,9800
90021,20,5778
90073,13,186
90061,44,557
90098,30,2428
90061,28,1662
90074,21,840
90064,29,9162
90049,0,360
90041,9,1375
90081,17,4548
90082,0,4207
90044,35,487
90023,36,2490
90093,41,5975
90012,14,6730
90086,36,6742
90092,0,7239
90023,6,674
90018,33,6621
90086,19,2216
90015,31,1668
90040,21,4998
90034,47,9302
90064,20,3473
90033,49,5247
90014,40,1262
90092,33,8933
90013,42,1606
90029,17,8050
90025,2,3396
90008,25,4360
90092,19,8561
90069,34,3431
90085,18,3545
90056,30,7567
90087,0,6122
90044,8,171
90058,6,6510
90063,34,7999
90060,28,465
90089,48,917
90061,34,4415
90094,22,9483
90066,30,5276
90032,24,3473
90018,5,2147
90088,7,195
90008,27,1646
90021,6,490
90041,44,7704
90058,13,9154
90021,8,7563
90000,25,3620
90008,49,899
90048,41,2163
90071,23,392
90078,1,2528
90020,45,2655
90045,2,1106
90003,34,9576
90046,11,6072
90087,24,888
90066,0,4172
90035,37,7536
90076,42,6650
90096,15,9691
90094,13,6060
90078,2,346
90066,34,6293
90038,3,4234
90027,16,6918
90043,10,4693
90035,22,5285
90038,23,4389
90051,49,843
90017,19,5786
90016,30,55
90092,45,3737
90039,25,5228
90078,5,9286
90024,33,874
90076,12,9687
90015,11,4811
90085,47,493
90070,43,8893
90034,9,2602
90095,34,5962
90033,2,1385
90055,0,8430
90052,38,1129
90071,9,6179
90032,42,8970
90049,18,7784
90000,22,8758
90065,37,2482
90055,39,8990
90003,35,6717
90003,13,7295
90096,22,7402
90080,16,3786
90069,10,9638
90023,23,7783
90084,30,3299
90032,6,9507
90004,9,7262
90031,37,3272
90070,19,7876
90024,17,9796
90058,43,4585
90090,11,925
90031,23,3846
90027,2,5895
90084,9,5993
90044,22,3827
90087,10,1204
90029,15,1253
90015,3,4133
90057,0,5996
90085,15,3354
90022,33,6784
90095,4,5979
90099,8,831
90068,20,1116
90084,4,1297
90074,11,6234
90080,35,5918
90065,6,5105
90034,12,2889
90014,31,4411
90021,33,5015
90084,27,4040
90001,8,9602
90098,14,7449
90091,35,7438
90077,45,1707
90052,30,9722
90046,35,7441
90045,25,8128
90033,1,9967
90001,18,4251
90069,40,6231
90039,29,650
90090,39,2550
90083,30,9891
90038,14,8181
90092,21,4617
90029,3,4533
90015,20,7415
90062,14,4156
90039,45,3515
90095,12,5536
90098,0,761
90040,24,1866
90088,13,5980
90070,17,986
90035,24,4559
90032,14,2422
90013,14,3066
90062,17,4739
90070,25,2913
90011,23,2881
90007,4,8599
90034,7,4444
90006,25,4766
90046,49,4237
90069,19,1658
90032,19,5997
90001,6,4392
90078,35,1720
90062,5,1655
90082,3,6798
90019,7,8858
90010,13,8554
90040,49,5058
90083,1,2786
90097,24,9540
90090,31,8303
90077,27,9508
90035,39,8541
90080,43,1742
90076,25,9606
90097,16,6316
90010,41,9747
90062,22,5384
90044,41,4640
90022,34,4013
90082,3,7800
90033,10,133
90014,37,4692
90086,4,8203
90007,7,4431
90049,29,4410
90078,7,3091
90049,22,8875
90013,18,1516
90043,26,1002
90005,23,5491
90072,49,2416
90045,5,9092
90051,49,5917
90089,43,3848
90010,9,8271
90029,38,6420
90013,12,8940
90060,34,9449
90044,23,7209
90009,27,7598
90049,47,5691
90005,19,6030
90055,26,120
90072,23,1084
90019,24,5804
90009,30,2965
90005,23,8645
90012,42,3632
90021,2,99
90097,44,2344
90001,25,6741
90015,47,7881
90010,48,2414
90080,43,9687
90026,21,3089
90088,25,1043
90056,9,7327
90000,13,4897
90080,48,7708
90013,21,1698
90066,24,1755
90044,12,8676
90029,45,7945
90064,4,2504
90028,41,6548
90010,35,5918
90063,3,4216
90046,32,1505
90016,6,8925
90084,37,489
90078,26,5214
90028,15,4141
90068,26,8435
90008,32,5414
90037,5,6518
90036,32,2015
90047,9,5684
90000,39,6467
90028,0,4277
90039,49,6012
90006,30,8326
90051,15,9693
90051,23,2380
90057,4,1059
90049,23,4120
90082,1,4968
90045,30,4385
90083,38,1236
90045,48,8803
90032,38,3092
90032,2,8711
90098,40,8168
90025,28,2376
90078,5,617
90078,17,887
90043,15,5030
90022,31,2815
90026,5,7669
90047,12,7368
90025,25,1010
90099,12,6107
90046,23,5854
90057,1,7108
90021,26,8624
90007,38,8415
90019,25,6793
90098,38,8667
90041,12,6056
90018,18,6102
90035,25,8444
90074,40,6935
90009,26,6951
90019,44,140
90071,13,348
90034,30,371
90014,11,5014
90088,42,8371
90034,15,8678
90068,14,4256
90079,33,2351
90041,39,339
90070,4,9564
90048,36,4974
90056,49,9274
90031,27,7865
90024,16,2783
90086,3,9250
90011,21,8047
90067,7,6031
90039,32,3047
90094,39,5210
90011,49,7774
90056,12,498
90012,7,9136
90060,43,7419
90014,38,480
90028,13,4950
90041,46,6998
90004,34,2433
90056,34,1570
90044,38,9725
90067,13,6804
90077,22,3391
90023,6,6167
90026,20,2225
90084,0,64
90018,6,2303
90043,44,2373
90096,34,2944
90074,9,6249
90080,27,8068
90093,9,6238
90072,45,8959
90051,42,2920
90090,39,7411
90017,0,9826
90044,36,9269
90032,49,6448
90064,16,3757
90061,15,6331
90021,32,1273
90041,0,8643
90051,6,4605
90078,39,6628
90028,46,3826
90049,45,6457
90003,34,2756
90048,14,5752
90013,20,8014
90090,42,7927
90043,25,6839
90014,34,8545
90069,4,513
90061,34,9904
90047,4,2157
90094,5,9066
90008,8,7668
90074,34,5381
90004,47,5451
90092,0,2706
90030,45,3991
90095,2,8876
90032,38,8096
90005,23,8437
90082,37,8712
90048,40,2131
90090,2,4304
90012,25,3346
90090,4,9420
90047,20,8171
90081,17,1396
90088,37,905
90058,33,5534
90060,28,7226
90025,35,3302
90061,31,6689
90064,40,4641
90002,46,5160
90017,36,9233
90025,23,4673
90065,43,7832
90082,21,4568
90089,14,7751
90044,21,7471
90036,27,3217
90034,47,4846
90060,4,291
90006,12,4898
90019,43,8380
90079,37,3732
90098,22,8074
90078,47,6628
90055,39,6150
90069,41,4652
90077,3,9405
90039,11,5944
90092,4,8561
90028,28,3842
90053,22,3557
90043,17,7856
90040,4,7010
90092,38,9155
90073,4,2088
90038,3,626
90081,33,7004
90009,28,6585
90030,40,6952
90058,27,9330
90093,23,5896
90048,15,8903
90020,17,8982
90008,31,4605
90010,2,7908
90071,41,6478
90090,6,3437
90003,42,3843
90019,28,1115
90005,1,1047
90018,19,7313
90067,0,2110
90005,34,6640
90083,47,8477
90071,18,9739
90068,32,9362
90064,4,3061
90032,38,810
90010,26,2864
90001,41,6525
90058,20,1055
90069,11,9169
90020,8,2343
90099,27,9177
90021,39,5571
90039,14,421
90046,36,9864
90086,20,3775
90052,18,8684
90017,1,714
90015,3,6922
90099,44,579
90018,25,8038
90057,37,1122
90062,40,9005
90063,36,7556
90080,16,3684
90053,25,9242
90020,30,6927
90090,17,5096
90088,4,5890
90049,44,9365
90069,45,4870
90055,6,6308
90079,32,5240
90037,46,2162
90009,22,4898
90005,28,484
90040,43,7915
90083,17,7741
90095,38,7205
90049,18,5870
90035,39,2442
90048,11,6095
90062,41,4475
90021,38,8698
90092,35,6593
90088,5,1005
90024,37,9231
90013,46,9715
90054,4,1923
90068,33,6162
90085,8,9949
90017,49,8524
90055,45,3775
90019,17,8578
90002,26,3051
90028,14,8585
90002,21,7339
90095,27,7006
90031,45,136
90055,43,1503
90028,18,6504
90080,36,5171
90036,36,5063
90064,28,450
90033,2,253
90056,8,7820
90012,33,8557
90018,36,2182
90076,19,4232
90000,47,2464
90063,31,7330
90080,8,7834
90023,45,2584
90097,24,4222
90098,49,343
90037,13,4513
90015,3,5575
90038,12,8703
90071,36,9243
90032,15,4596
90016,22,639
90064,46,5865
90063,43,8604
90032,36,3034
90008,43,4542
90005,16,5632
90002,7,671
90041,17,8119
90029,4,8808
90095,40,5741
90003,32,8632
90055,41,6269
90098,34,3763
90035,29,1209
90047,34,7811
90043,32,4791
90064,20,6401
90006,40,7606
90049,40,696
90053,26,3801
90089,27,1670
90045,22,7798
90001,38,3960
90050,15,5143
90087,9,3127
90070,35,2182
90096,36,8399
90022,37,6604
90045,23,5707
90021,46,553
90061,30,5222
90063,31,9332
90062,10,394
90056,40,3016
90010,15,3145
90056,29,4079
90058,42,949
90078,0,1442
90069,20,5367
90021,43,7662
90040,3,8955
90018,20,2927
90016,22,3774
90095,2,6127
90063,20,8650
90013,0,2929
90040,1,3102
90004,9,631
90029,15,3756
90088,21,6917
90006,33,1190
90043,8,6924
90022,46,3049
90088,21,6267
90077,21,8038
90049,16,2344
90049,41,7813
90086,21,4873
90062,38,4249
90004,30,6520
90058,42,3934
90095,32,7476
90072,5,2637
90042,42,9624
90029,19,7555
90038,19,2295
90037,32,75
90022,23,7181
90023,1,1333
90094,2,8846
90064,3,4377
90043,19,3815
90072,0,2298
90038,33,8333
90043,2,6504
90055,23,541
90090,19,4878
90087,0,2046
90051,1,9280
90017,15,328
90027,30,2524
90011,21,1944
90091,21,8421
90006,42,3238
90043,17,6311
90097,5,2142
90084,30,9916
90075,39,9899
90003,41,2910
90042,7,7765
90028,22,945
90013,10,7993
90010,6,3973
90064,44,8613
90042,46,5207
90036,37,390
90033,11,3582
90051,13,1605
90065,32,8833
90085,13,7830
90069,39,7120
90011,9,4629
90068,11,8085
90036,22,8279
90033,29,329
90032,23,2021
90048,7,3995
90014,12,1469
90092,4,3816
90004,8,506
90075,20,9023
90065,46,4833
90010,5,1967
90064,31,5500
90079,25,9121
90093,49,9967
90022,45,1909
90077,45,108
90073,14,2435
90034,18,7673
90084,34,2767
90017,21,5975
90036,16,9654
90072,20,5685
90031,49,5295
90098,19,9101
90093,19,7554
90008,43,2497
90023,18,786
90050,31,3212
90049,46,1640
90051,26,9652
90087,41,4341
90076,29,3094
90041,14,3231
90022,4,2999
90092,4,8217
90004,17,7456
90026,33,3895
90047,21,9491
90073,6,8785
90071,40,4063
90077,4,8823
90073,38,9566
90013,30,6834
90085,46,9755
90055,12,4460
90083,11,2944
90094,25,4575
90082,16,920
90004,26,4390
90024,7,1822
90086,47,9052
90006,23,5227
90008,14,4907
90070,13,922
90071,44,1182
90091,29,9655
90018,37,8165
90065,14,2468
90091,4,281
90020,43,8625
90098,16,9221
90071,22,6547
90070,23,2303
90073,13,7901
90026,27,8865
90037,9,342
90097,18,3622
90096,36,9260
90057,49,7512
90002,23,872
90091,8,7698
90054,32,4310
90038,41,5694
90010,29,5646
90004,15,4822
90028,25,973
90000,2,373
90084,18,5068
90046,46,9718
90033,43,3029
90000,39,3107
90082,35,6404
90089,10,5678
90064,47,4627
90093,29,4106
90081,43,3372
90004,14,8583
90049,7,3068
90020,9,1835
90022,45,9875
90054,8,7274
90095,27,8943
90008,41,6444
90034,16,2633
90033,36,1603
90086,19,6198
90052,9,8219
90061,46,9577
90092,41,9438
90021,16,9409
90038,25,2261
90035,34,3191
90062,36,8685
90000,11,2054
90093,28,894
90000,25,8056
90081,25,5828
90028,13,2696
90099,5,8009
90048,18,7905
90060,40,6951
90020,33,7692
90059,6,9754
90002,45,6581
90035,47,779
90056,15,3750
90065,49,8022
90024,8,2856
90029,1,7188
90074,13,5464
90009,13,9410
90082,12,8849
90094,21,6789
90094,14,5672
90026,29,2926
90053,3,4993
90079,42,2733
90074,42,2201
90085,27,8253
90075,47,7136
90092,17,143
90053,47,2288
90013,15,4941
90019,46,1568
90005,43,9217
90047,36,9921
90053,45,4760
90083,17,1757
90050,22,866
90094,15,9049
90026,38,4840
90012,36,1121
90047,7,537
90080,17,3635
90009,39,7083
90088,31,5232
90050,14,7562
90021,44,8482
90091,12,4218
90011,24,1278
90043,40,1046
90022,36,2832
90078,34,4439
90059,25,3536
90045,8,2634
90099,27,5243
90002,48,2341
90038,3,3233
90028,17,2746
90018,40,7910
90008,45,4887
90015,49,7776
90027,35,1860
90090,49,1265
90010,18,1614
90038,47,5660
90007,47,3799
90030,24,5492
90055,11,1362
90026,1,5099
90008,4,7489
90030,16,2787
90014,4,4623
90091,12,4050
90040,27,8271
90059,25,4671
90042,37,2477
90027,39,3316
90085,17,9180
90094,27,1104
90087,37,1702
90094,49,6298
90047,3,2955
90013,21,8856
90033,26,1247
90090,35,9304
90064,21,2303
90042,10,9702
90090,2,9525
90033,47,8939
90070,12,2413
90004,4,9787
90084,10,320
90014,22,90
90007,38,8610
90007,38,3959
90085,20,6793
90070,17,9654
90047,32,8469
90035,26,1897
90053,19,5112
90064,9,2447
90050,22,8464
90090,15,7116
90050,33,9024
90023,13,2535
90085,31,5575
90000,21,7567
90045,43,1426
90027,17,819
90042,24,9877
90042,28,10040
90068,38,7872
90094,24,2056
90070,42,7207
90056,49,5005
90000,24,3574
90081,43,5946
90077,36,4102
90072,45,1703
90024,11,6299
90052,25,4789
90039,38,9557
90024,13,3773
90083,49,6511
90060,29,5038
90044,30,7492
90094,30,9175
90091,20,6507
90053,5,3321
90096,27,1126
90038,34,7698
90069,26,9272
90031,43,2342
90046,38,4015
90029,2,5160
90001,49,1525
90069,9,920
90028,0,5346
90035,48,4125
90079,42,3930
90005,17,2156
90077,33,7953
90057,2,2243
90006,3,8690
90069,48,2316
90025,35,3447
90061,27,5378
90025,12,4265
90004,42,1056
90076,27,6789
90043,25,6031
90072,7,1747
90061,2,1307
90040,1,7951
90022,36,7054
90030,4,2243
90043,2,2370
90036,1,1577
90093,34,9442
90052,33,8029
90035,42,3272
90054,36,1272
90072,9,3823
90055,32,4550
90092,20,6961
90075,3,2256
90063,31,6650
90065,10,881
90019,4,9298
90019,21,1252
90071,18,5494
90071,46,8338
90023,42,7118
90022,30,4806
90017,17,7159
90085,35,7090
90086,48,2287
90090,45,6337
90072,49,2695
90008,36,693
90009,15,3373
90006,16,9570
90016,13,1098
90095,11,2534
90035,33,3168
90099,33,8815
90022,16,5045
90063,33,6793
90013,21,7061
90090,30,6663
90074,25,1585
90098,42,7168
90086,47,7199
90026,0,8527
90014,46,9580
90067,31,5970
90009,29,7638
90051,10,3450
90049,48,8225
90093,0,3281
90042,28,7748
90029,13,1169
90019,46,9689
90024,47,6709
90009,0,9931
90036,10,5897
90027,45,2676
90042,27,9181
90048,29,242
90058,20,6948
90029,1,9564
90008,28,1448
90050,24,7260
90012,38,6521
90021,18,1055
90028,7,8850
90084,15,3225
90062,29,490
90017,19,4116
90071,48,9108
90088,16,5084
90037,13,5098
90028,46,1278
90077,8,9017
90021,9,1208
90055,28,6144
90085,16,546
90031,35,9961
90005,34,2554
90040,32,7414
90047,17,7021
90022,40,2621
90028,33,6040
90090,34,2671
90092,0,3988
90088,5,8632
90040,2,3842
90042,44,995
90044,18,8046
90015,40,6597
90064,15,7972
90020,39,5365
90046,6,6951
90020,0,6873
90080,42,7482
90065,13,508
90020,24,2815
90035,31,344
90048,6,2739
90098,37,5185
90065,36,8910
90066,1,3330
90079,3,1663
90035,7,5030
90003,39,1210
90098,41,815
90091,8,163
90038,36,3964
90056,36,5161
90057,24,2393
90003,1,5983
90049,25,8734
90043,11,1942
90085,49,7893
90046,6,2902
90031,11,3090
90060,24,206
90032,10,1978
90080,49,4840
90075,25,902
90094,26,1032
90099,41,5705
90030,32,4103
90080,25,4724
90063,21,1843
90075,16,2628
90075,45,2753
90073,28,4260
90009,7,1367
90008,10,2571
90061,44,2161
90078,20,4153
90099,0,7727
90053,47,8793
90005,15,810
90075,19,8312
90043,15,3357
90058,31,7211
90010,20,9217
90007,27,4618
90035,34,1995
90011,35,9473
90094,29,3009
90038,4,6567
90005,13,2541
90047,27,2938
90056,9,1322
90095,16,7903
90026,26,1198
90076,30,5383
90078,4,3187
90010,32,1762
90054,48,9625
90057,48,1373
90023,24,8412
90040,33,1825
90072,5,3302
90084,46,6742
90011,26,7268
90000,42,5552
90066,40,7026
90026,15,6851
90095,20,7538
90050,38,6411
90070,14,5796
90015,16,9787
90056,36,5514
90097,39,293
90029,12,9001
90031,28,3199
90023,44,707
90087,11,2830
90097,46,9810
90087,16,2696
90031,23,7412
90084,48,8534
90012,6,2597
90052,1,1139
90022,45,7421
90093,4,3562
90000,49,5081
90016,7,4357
90078,4,4898
90031,22,4338
90006,24,96
90000,26,9825
90058,37,3741
90069,17,2749
90077,18,1755
90081,12,138
90095,45,2829
90016,20,10009
90071,48,1702
90082,29,6201
90041,20,2908
90069,36,7350
90010,15,8024
90007,41,6924
90065,2,758
90045,33,7284
90003,28,7856
90054,0,8986
90017,29,7968
90040,15,8311
90059,9,4896
90029,41,880
90020,16,6765
90007,26,1970
90052,19,9712
90043,19,4627
90013,32,4467
90081,31,9088
90001,49,839
90021,36,8731
90024,36,1927
90045,47,4360
90076,8,8492
90087,25,823
90060,2,2098
90058,21,2317
90024,47,7108
90047,7,8507
90035,45,4403
90068,17,3410
90022,1,5368
90026,15,967
90036,45,6204
90032,16,9747
90054,40,858
90008,35,4750
90096,9,2210
90075,23,4516
90083,23,8189
90060,46,7503
90002,21,2567
90018,46,7114
90097,29,6361
90016,47,8559
90067,49,4672
90091,42,7680
90016,2,7894
90087,41,6464
90074,35,6622
90026,28,6610
90060,29,1777
90079,48,9401
90074,24,9865
90057,47,3721
90053,47,7070
90080,46,7988
90043,30,2596
90004,6,4190
90032,42,2109
90037,36,2296
90052,30,2172
90015,43,8679
90039,24,2507
90041,32,2368
90089,10,8919
90004,26,1553
90059,23,462
90010,18,8901
90045,4,5480
90027,5,1133
90019,2,1516
90030,40,6654
90037,45,7584
90038,35,6518
90024,11,1180
90054,42,6079
90079,7,7656
90040,34,3944
90088,28,9760
90076,31,5270
90002,42,7764
90067,48,1630
90024,25,10038
90010,31,2806
90075,29,3421
90092,36,5231
90001,16,6884
90038,33,8843
90095,38,3920
90088,33,102
90092,18,8034
90019,29,526
90066,33,2134
90005,39,8270
90020,42,5455
90087,3,7100
90024,41,8474
90043,38,5754
90069,43,9911
90041,33,1370
90033,14,7381
90071,43,864
90033,16,126
90050,17,2781
90078,11,8411
90045,20,2718
90057,44,9837
90024,21,3858
90015,35,2064
90078,5,7970
90082,23,8678
90046,24,6621
90052,21,155
90085,34,4004
90065,29,8901
90019,24,7635
90090,6,891
90039,26,1002
90000,27,2788
90047,48,3456
90008,38,7982
90051,10,2746
90077,20,618
90022,38,7376
90075,1,4539
90051,27,6974
90096,40,3721
90007,34,4110
90061,23,6239
90033,15,6474
90003,1,4323
90035,36,9869
90079,25,6736
90009,41,4529
90068,17,2686
90031,11,443
90030,49,1965
90008,8,2748
90022,43,434
90043,49,2035
90076,34,1521
90053,15,6657
90062,11,1782
90045,22,7274
90001,14,9394
90098,41,8467
90091,25,869
90014,11,6206
90099,16,9742
90054,17,4676
90000,48,7801
90074,40,8208
90007,29,9751
90052,11,7909
90006,36,9353
90072,24,6870
90080,17,2260
90031,44,3971
90077,39,7280
90021,31,4754
90010,5,10021
90090,11,6754
90040,44,3637
90088,19,4874
90083,10,7909
90084,10,6006
90036,36,5439
90003,6,1902
90049,40,4179
90090,46,5859
90045,15,9553
90038,48,2391
90035,49,2459
90010,47,1965
90064,37,709
90079,26,1911
90048,30,8304
90013,44,9319
90096,10,5759
90074,29,5297
90091,9,980
90008,23,3993
90012,15,2050
90070,49,7579
90060,17,4195
90026,21,8190
90023,17,4245
90036,25,6503
90045,28,2246
90057,6,8356
90053,41,1208
90033,38,4906
90079,27,1129
90093,15,4745
90032,0,7181
90039,4,7266
90020,37,739
90088,14,7098
90026,19,7349
90082,30,2885
90044,41,3829
90016,5,4682
90011,32,4918
90023,40,7685
90042,4,460
90044,30,3003
90026,39,8775
90044,34,7260
90087,1,7616
90031,14,3101
90047,49,1811
90012,37,3134
90041,0,6212
90074,29,2819
90024,3,7656
90000,18,8694
90070,10,5175
90079,46,6860
90016,33,7101
90023,37,7778
90071,19,3593
90010,25,3885
90017,18,4612
90077,42,9834
90069,20,3624
90012,6,4497
90094,23,1057
90034,10,910
90045,24,1305
90005,40,2523
90075,38,6714
90070,1,4035
90031,23,1247
90003,15,7036
90052,6,1921
90083,35,5538
90049,46,3096
90056,37,8963
90003,22,8744
90058,41,5820
90023,13,7435
90086,29,9228
90065,44,6993
90062,44,2181
90060,18,5534
90022,23,8810
90082,36,6627
90019,38,877
90089,32,1837
90078,33,3786
90057,29,6696
90010,37,6368
90099,36,1158
90072,48,3605
90008,25,8742
90014,27,138
90040,25,9518
90082,10,4825
90054,38,3710
90058,41,6502
90086,6,5176
90091,18,5027
90031,27,9552
90095,34,5874
90007,44,6103
90053,36,9989
90092,5,9855
90094,33,4928
90098,49,6221
90055,3,1797
90003,36,2753
90021,43,1382
90011,12,1407
90070,37,1349
90069,11,2217
90027,17,3110
90098,41,8865
90031,15,5962
90058,3,6443
90009,49,6917
90039,0,8094
90018,40,8290
90019,15,1319
90080,14,4003
90083,12,9542
90076,12,1450
90034,9,420
90017,15,2834
90041,49,2825
90074,17,7018
90051,24,9176
90055,25,4797
90067,42,3875
90072,8,8773
90095,26,1287
90062,42,4345
90011,25,7289
90095,7,6369
90068,21,5349
90056,45,3197
90026,34,956
90036,8,2097
90082,6,4932
90066,8,1281
90045,10,3838
90061,26,2680
90036,5,5931
90017,41,3857
90006,21,1359
90038,43,702
90033,19,4871
90075,45,3914
90090,15,344
90040,5,1540
90014,3,7403
90070,35,9123
90010,44,5900
90099,21,4256
90008,11,1459
90048,19,3621
90050,11,8717
90014,19,4797
90084,25,850
90034,7,515
90029,27,1983
90042,34,8929
90084,7,8141
90008,19,9666
90070,30,3687
90024,25,1983
90012,11,1303
90092,5,2037
90099,14,8168
90093,48,1052
90067,19,805
90013,26,115
90085,47,5079
90082,39,8870
90035,13,6044
90069,9,7492
90054,47,5225
90009,33,7047
90069,6,4361
90045,14,8422
90023,16,8060
90064,21,2315
90020,48,4865
90016,14,7910
90035,15,8377
90071,8,5333
90064,1,708
90068,9,8840
90093,42,4096
90047,33,5637
90089,20,5820
90002,18,3168
90041,15,9146
90004,27,9803
90013,42,3918
90023,14,9896
90075,48,7302
90072,27,6541
90001,28,5999
90076,33,3316
90048,15,194
90024,38,9496
90041,49,9139
90050,15,9602
90055,45,6003
90025,44,2589
90050,12,6425
90047,38,9129
90062,4,4977
90013,31,3013
90027,3,4437
90064,21,5818
90026,1,8319
90076,4,7815
90023,29,8129
90056,17,8379
90051,9,9039
90071,10,9754
90074,9,2881
90056,2,7496
90087,20,6365
90008,42,3529
90041,18,3008
90044,35,9415
90044,9,3810
90094,14,1298
90015,17,4586
90002,49,5447
90019,7,9685
90017,0,4669
90071,23,7858
90086,7,6450
90015,1,3471
90075,42,6923
90090,38,287
90082,6,948
90051,17,6529
90024,12,7051
90060,32,3600
90056,28,1085
90025,9,8971
90034,1,813
90076,36,807
90089,48,3124
90050,3,1002
90011,38,7244
90039,17,9114
90047,30,5359
90017,10,1852
90080,3,8008
90037,16,7734
90038,8,5602
90002,20,5956
90017,40,7239
90075,5,8378
90049,37,3671
90071,28,3773
90023,18,9893
90054,30,2848
90061,1,560
90036,7,8225
90096,6,5258
90058,47,4672
90009,38,506
90083,45,129
90040,14,1318
90014,24,5557
90048,42,7093
90085,9,1868
90097,21,4682
90065,22,7996
90049,11,7596
90039,11,4511
90040,13,6135
90062,13,3168
90046,27,570
90018,42,5587
90094,46,2245
90096,11,2132
90035,28,4158
90079,42,9449
90099,23,8225
90088,41,410
90036,49,2963
90015,32,1541
90000,15,3391
90057,36,4920
90048,28,348
90003,17,8218
90080,19,5898
90026,37,8665
90073,27,9891
90080,33,2426
90027,9,1413
90033,42,7468
90070,48,4524
90062,10,6200
90049,17,91
90048,40,2417
90039,39,8830
90076,19,6675
90091,20,9992
90027,46,4338
90070,43,1884
90086,4,5599
90045,31,9564
90073,11,397
90071,37,8026
90078,34,3596
90093,24,4982
90029,13,5384
90082,9,907
90057,8,3033
90007,8,628
90074,29,2534
90031,6,9813
90000,9,4960
90083,32,7714
90023,49,2922
90095,11,5738
90060,0,8231
90063,42,5107
90068,44,4442
90087,18,3391
90016,3,10004
90050,2,134
90073,15,2188
90099,12,4680
90031,10,8970
90094,19,77
90039,22,502
90056,7,7646
90045,34,4859
90045,11,2080
90086,27,209
90093,24,2020
90059,26,9310
90088,12,9241
90015,41,7111
90030,41,8515
90089,47,2920
90095,15,4162
90046,36,7185
90059,24,8608
90082,6,4184
90022,32,9296
90095,5,4011
90026,16,2750
90054,47,3109
90084,12,860
90042,17,2983
90017,44,9297
90077,27,5860
90012,47,526
90030,48,6841
90084,45,2730
90061,46,4289
90090,17,2317
90079,40,6197
90002,2,9740
90000,6,9871
90084,9,1475
90074,25,890
90011,39,508
90002,34,3600
90046,40,8890
90083,25,4843
90086,38,3644
90065,42,7924
90063,0,2487
90009,45,7337
90048,38,2943
90038,35,3501
90059,39,7084
90011,49,3881
90083,43,1352
90008,7,8123
90037,46,6759
90065,0,9865
90036,39,2018
90040,5,3996
90014,13,4397
90048,17,2270
90096,0,2883
90063,45,4620
90039,6,8836
90082,5,3047
90097,38,4284
90092,29,2956
90039,32,7069
90089,41,1868
90022,12,4914
90029,38,5761
90006,19,6918
90088,25,8534
90014,19,754
90081,30,7797
90012,43,4562
90023,0,6408
90028,12,8302
90072,13,3850
90063,38,1780
90089,11,1616
90076,9,3205
90022,25,6209
90033,41,2079
90063,35,9713
90009,1,9796
90083,35,8977
90045,7,6695
90099,35,9252
90046,37,4609
90048,0,7782
90075,10,9458
90006,48,9758
90022,29,3213
90012,38,8528
90051,2,4446
90099,31,9065
90058,23,4145
90032,22,1620
90026,34,4771
90081,27,5206
90003,17,7321
90015,42,3104
90089,48,2583
90088,15,6323
90010,20,4238
90073,27,95
90025,35,4918
90044,2,3672
90003,46,2190
90096,27,4288
90084,24,989
90061,26,5130
90003,47,1079
90083,29,2560
90045,45,2647
90023,0,6261
90055,38,775
90098,23,8142
90075,21,6545
90068,24,5331
90094,41,5223
90091,4,3410
90002,8,6299
90048,39,5155
90010,32,5920
90079,11,7938
90026,20,8695
90028,40,5783
90091,3,462
90084,29,1166
90076,37,5826
90065,35,3913
90048,30,4619
90022,22,1513
90020,32,1138
90034,16,3033
90091,11,6305
90062,31,3971
90078,45,6431
90003,20,7793
90027,9,2979
90070,44,272
90057,49,8366
90072,45,2663
90050,4,3610
90012,23,1494
90040,45,2916
90053,48,8653
90041,44,4509
90050,11,5312
90094,49,617
90020,25,2951
90068,29,2771
90014,47,4251
90055,7,8257
90021,1,320
90001,4,6554
90086,7,3935
90009,36,10049
90001,15,8760
90076,13,2375
90055,45,4990
90083,42,2220
90080,13,2919
90036,34,2902
90052,21,8125
90034,49,3447
90064,47,6015
90003,2,2232
90046,11,3579
90041,38,3444
90092,5,8534
90050,36,4603
90093,26,6729
90032,41,580
90088,12,1662
90099,1,7928
90070,34,7247
90050,5,7387
90073,19,327
90034,39,7373
90049,39,6192
90080,12,965
90051,2,2330
90001,33,2780
90027,3,7956
90036,31,6652
90028,30,3420
90012,21,9677
90034,0,5831
90083,32,5436
90094,46,4170
90094,19,5502
90026,47,9571
90017,7,6852
90085,45,6291
90031,1,3138
90040,25,4592
90067,30,5594
90013,37,2558
90036,7,3231
90002,7,8600
90051,24,6258
90085,46,209
90004,7,2887
90022,12,588
90007,3,9184
90090,20,6736
90027,33,7224
90006,21,5343
90053,7,3960
90001,42,6509
90070,19,5116
90080,6,1684
90099,7,7118
90005,6,4716
90092,8,3758
90081,0,6794
90063,41,6512
90023,28,5724
90082,7,7429
90082,14,9990
90077,37,2198
90067,10,2165
90069,29,8880
90031,11,2463
90098,10,1299
90066,10,3239
90084,17,6353
90054,16,4910
90028,46,2523
90073,36,680
90070,28,7204
90016,23,1110
90039,2,4432
90013,4,3829
90073,37,2450
90095,37,1179
90095,29,7485
90080,45,6146
90091,40,4674
90051,9,4028
90079,6,4260
90003,31,7901
90098,8,8847
90015,23,1356
90060,26,1483
90078,46,8865
90070,20,6939
90016,7,7460
90083,9,8413
90071,48,3441
90097,40,3214
90062,27,2208
90049,25,8311
90075,34,3770
90012,41,5272
90028,8,2021
90052,36,7758
90094,0,8139
90033,28,4754
90071,4,4456
90038,12,500
90077,46,6514
90012,40,1169
90004,41,8090
90093,14,1353
90076,23,8997
90054,3,3227
90008,32,4676
90025,27,9794
90039,46,1009
90096,16,6456
90088,5,939
90051,46,995
90002,34,5681
90001,41,7502
90073,38,5384
90061,10,9602
90027,5,1256
90020,3,2496
90023,4,5963
90038,7,6866
90039,22,2347
90051,15,3712
90022,7,3051
90030,47,5891
90068,4,6252
90042,17,8763
90068,23,5095
90033,36,2085
90099,2,1459
90089,30,7018
90055,36,6581
90088,25,9198
90045,9,4441
90070,29,8869
90052,2,114
90057,26,6401
90095,42,71
90054,44,3659
90021,3,3001
90079,12,1084
90056,35,2617
90035,14,3301
90086,11,5851
90099,13,3477
90045,16,6095
90072,17,8384
90036,15,4951
90006,16,522
90054,26,5163
90031,36,8805
90088,13,797
90080,42,4848
90017,12,224
90037,16,3087
90055,17,8399
90064,42,7269
90048,31,3102
90024,20,6552
90068,31,4291
90068,34,7808
90075,6,4039
90056,7,8114
90036,28,6505
90086,19,4399
90046,39,7903
90041,39,4681
90014,10,2102
90000,33,4516
90060,1,4962
90098,12,3146
90008,7,1696
90015,44,4778
90003,8,805
90039,0,5206
90047,33,1391
90005,29,5956
90069,29,8607
90059,15,2400
90013,48,2603
90020,16,1264
90036,15,2886
90038,29,7584
90078,26,2377
90063,37,697
90061,46,1919
90047,29,3062
90010,12,6180
90019,26,7383
90087,3,692
90095,26,7223
90029,14,1365
90003,11,4973
90063,46,2089
90037,43,4684
90048,8,9378
90070,8,9252
90063,13,1748
90011,47,2139
90046,24,8399
90073,1,2961
90085,43,4952
90009,31,8089
90001,4,7621
90069,47,2933
90050,42,1602
90081,14,7578
90049,40,9465
90076,6,5576
90004,33,685
90034,15,7666
90066,13,286
90004,13,138
90086,40,4345
90022,30,7892
90088,40,594
90072,22,1890
90066,26,2957
90080,5,5926
90025,16,1195
90066,14,5923
90016,33,415
90013,45,4555
90065,20,6427
90002,8,7184
90068,16,6323
90022,8,2918
90021,23,8312
90038,5,6575
90069,16,8237
90020,16,9213
90011,41,5924
90012,42,5650
90096,8,5328
90016,38,3858
90040,3,9823
90029,16,7422
90073,49,5298
90069,25,5082
90072,37,717
90071,32,1567
90068,29,9486
90015,29,4975
90006,44,838
90087,0,7410
90038,25,6436
90095,37,3715
90055,4,8900
90068,35,1313
90045,39,1170
90051,8,1903
90067,45,880
90083,23,9913
90095,14,3600
90051,9,4077
90023,3,6718
90017,18,5166
90062,47,691
90067,17,4265
90087,49,4601
90007,18,470
90038,37,9516
90046,46,7810
90059,29,2374
90097,5,853
90070,12,866
90078,11,6219
90057,29,6601
90067,17,2398
90079,18,7350
90043,12,3384
90059,49,9924
90009,22,3077
90079,41,894
90050,12,6814
90028,35,1374
90060,11,6135
90078,41,9844
90079,7,1480
90020,14,4240
90083,8,5001
90085,35,5490
90077,8,844
90043,35,7863
90069,15,9064
90029,46,1490
90078,24,3807
90010,19,2822
90004,37,7044
90094,28,5045
90082,21,8106
90052,43,4913
90067,41,2549
90063,5,6447
90014,15,2023
90091,29,9141
90027,13,8869
90031,0,7810
90005,29,9986
90026,39,8362
90032,16,5538
90048,9,9750
90059,39,5332
90044,29,9261
90005,17,9564
90078,19,6600
90012,11,6361
90086,31,7495
90035,30,6079
90063,14,3705
90094,28,9679
90087,48,2198
90071,0,2284
90059,29,9883
90050,38,4855
90082,37,476
90074,45,9378
90091,38,9288
90046,20,5622
90036,22,6181
90093,13,4795
90090,26,7695
90039,16,877
90092,29,4814
90038,12,919
90076,5,276
90000,1,5268
90030,22,7779
90091,30,3251
90061,7,3940
90052,1,4413
90036,29,5570
90011,29,4430
90054,28,9224
90089,32,8080
90068,11,5152
90019,40,7636
90071,23,417
90058,44,7028
90010,4,6504
90007,47,2210
90041,3,8173
90025,43,1088
90053,0,1590
90050,30,7748
90020,13,5158
90081,10,5383
90091,4,9847
90020,47,772
90014,25,596
90066,32,7767
90014,28,9287
90080,31,8688
90007,17,5582
90063,29,8798
90025,41,5681
90065,17,8548
90050,16,7628
90091,40,9160
90035,21,5035
90076,32,3164
90037,21,5446
90047,24,2679
90042,19,8275
90075,28,9985
90059,36,9911
90061,45,196
90059,49,52
90041,33,7451
90056,47,7622
90088,38,3455
90007,46,6487
90066,14,6652
90065,19,4114
90032,3,4718
90028,36,8656
90092,38,4247
90015,18,8266
90073,0,7188
90052,45,1594
90074,49,6170
90052,9,9746
90073,12,5591
90097,29,8289
90022,36,8466
90061,13,5512
90059,8,8169
90009,4,4200
90090,1,3936
90013,28,8733
90062,12,1666
90063,48,1920
90058,48,2080
90062,5,3942
90039,13,718
90064,41,9648
90051,22,8830
90051,35,8018
90000,23,5634
90067,26,2286
90044,9,2622
90006,25,150
90005,37,8851
90091,43,1961
90012,8,5654
90006,30,856
90087,12,9180
90088,9,6054
90085,8,4973
90069,9,593
90031,46,9138
90060,34,4334
90005,28,2079
90034,5,3609
90065,5,8580
90030,35,9219
90011,31,505
90011,47,6418
90062,36,6312
90094,44,524
90018,17,1803
90040,41,4955
90002,38,7349
90086,45,3234
90084,35,3085
90094,23,8004
90003,5,6966
90027,39,7226
90007,29,5077
90054,25,9810
90015,42,9595
90081,14,3931
90051,14,8805
90015,36,4712
90072,49,2957
90088,34,4677
90057,0,9453
90048,5,9195
90014,12,3567
90099,42,9989
90063,18,5984
90020,4,9406
90034,18,664
90040,30,9520
90063,19,4658
90095,3,5333
90007,13,2489
90077,46,4441
90014,15,5832
90043,14,7637
90019,21,3896
90096,2,9380
90014,41,1525
90075,5,6305
90064,10,4937
90072,32,7910
90011,35,7726
90089,22,8622
90094,1,3215
90001,42,4610
90096,41,5014
90083,21,9775
90051,49,4526
90072,21,6011
90053,36,1301
90034,31,6759
90035,28,6167
90015,41,1678
90099,45,6388
90036,37,9390
90068,14,6201
90089,39,6446
90075,17,6098
90023,7,7284
90081,30,6492
90061,2,1271
90051,3,6958
90078,26,1279
90052,30,9657
90069,49,5123
90073,12,6961
90006,23,6098
90049,27,4371
90084,27,2663
90097,0,4650
90056,1,5921
90084,9,159
90067,34,5420
90084,10,2861
90061,8,4625
90091,5,8624
90044,16,5644
90007,46,6353
90027,45,4582
90004,34,7434
90025,37,5450
90020,25,663
90050,15,9794
90014,10,9010
90042,7,1914
90074,49,6182
90092,48,3947
90023,34,1020
90044,30,6417
90081,11,6943
90096,12,1029
90071,8,8874
90055,14,9490
90039,40,9512
90030,35,4387
90046,12,978
90015,49,3938
90064,44,5524
90058,45,5785
90094,48,4272
90028,9,5069
90053,27,8721
90086,23,6192
90038,42,9521
90070,40,8066
90033,3,6350
90014,38,2886
90011,11,5290
90079,39,3376
90045,46,2200
90062,4,8544
90045,20,7387
90017,6,5284
90092,8,9852
90030,1,7803
90050,35,2041
90000,30,2677
90087,6,4312
90049,49,10028
90056,1,9311
90035,17,1813
90005,48,5600
90011,14,9014
90093,29,4679
90036,14,3791
90001,22,2895
90020,36,1379
90028,4,1568
90036,26,7589
90091,39,1387
90060,11,5511
90029,46,9413
90058,20,9804
90063,23,5566
90018,26,4870
90007,26,1721
90085,13,1960
90087,36,2746
90026,37,772
90085,47,2466
90080,33,5116
90075,12,5876
90066,0,4161
90090,4,8739
90038,28,802
90074,31,2971
90012,33,476
90037,17,2095
90081,12,9985
90003,6,7554
90042,2,2030
90047,47,5003
90003,46,1672
90095,31,4686
90020,30,4016
90081,40,572
90078,1,7736
90030,21,7556
90044,8,8561
90034,22,2249
90012,4,1142
90013,42,9379
90081,31,3103
90082,44,5320
90099,18,196
90005,37,8549
90021,23,8822
90037,3,4172
90066,20,3575
90076,21,4512
90061,22,3995
90040,43,2724
90099,11,371
90098,47,9402
90006,43,9779
90047,41,8052
90055,2,3468
90076,5,6901
90065,0,626
90007,49,8036
90041,24,7968
90016,38,6542
90048,45,796
90097,14,1011
90083,30,7125
90029,39,8033
90042,15,6900
90025,26,603
90074,47,2572
90000,0,6522
90057,22,4377
90069,49,6858
90022,48,4270
90003,46,9761
90023,44,6767
90059,47,1505
90005,36,2606
90062,27,4407
90089,18,3703
90010,4,7776
90028,19,2970
90046,5,7573
90088,13,3968
90047,19,7130
90035,44,8483
90007,9,4766
90038,17,5138
90083,46,7476
90069,3,5790
90006,35,10022
90008,11,1469
90007,12,7999
90078,29,8484
90038,45,4060
90097,24,8480
90009,14,4390
90036,14,5163
90058,35,3800
90022,34,5806
90058,37,1052
90086,48,1398
90081,45,573
90089,26,5899
90026,24,7781
90039,31,6665
90050,24,9535
90046,21,9946
90033,41,6966
90001,11,4521
90019,3,1315
90023,1,6639
90048,43,930
90032,4,9945
90010,22,6573
90006,43,3743
90040,28,6525
90023,23,525
90087,3,735
90023,39,638
90011,28,812
90025,14,9530
90064,12,3311
90026,22,1902
90044,25,3171
90026,9,5396
90064,5,9619
90015,23,7285
90076,20,1023
90049,14,7605
90097,39,2042
90014,34,8903
90002,40,9734
90051,10,1275
90094,24,8120
90091,15,6880
90079,37,5428
90036,17,6836
90068,19,3685
90052,29,1646
90083,16,1241
90095,37,3334
90065,21,5473
90038,18,5537
90054,3,1118
90075,36,4824
90042,19,1418
90003,29,2836
90075,31,6003
90030,10,8362
90002,42,1155
90023,14,405
90045,45,2703
90086,29,3816
90029,3,6274
90061,44,1636
90071,4,3569
90079,13,2709
90049,18,3989
90009,45,1010
90021,40,2471
90041,10,874
90029,6,2420
90054,2,1636
90001,45,7288
90001,30,4065
90038,19,5865
90054,12,7790
90045,43,9007
90024,23,4089
90007,43,6670
90021,40,4735
90063,19,1141
90085,4,2889
90075,46,1211
90047,26,7753
90079,7,339
90048,6,1321
90026,10,5579
90014,34,8923
90000,21,4136
90011,33,5579
90096,37,493
90093,0,8143
90051,41,6828
90059,38,771
90037,21,2053
90023,23,1974
90028,26,1498
90058,5,8450
90093,36,4238
90059,0,4475
90088,20,9536
90084,38,6681
90043,8,2731
90075,33,3967
90068,46,1177
90055,11,8673
90041,36,223
90056,14,3553
90062,25,8128
90094,42,3121
90070,31,6975
90036,12,197
90007,13,6014
90098,16,507
90057,6,9184
90075,5,4811
90025,44,3846
90081,0,7093
90076,42,1572
90092,38,5419
90020,20,1724
90094,46,5841
90037,33,4960
90032,46,6904
90081,20,5587
90083,19,5364
90083,14,3592
90061,12,8198
90037,17,7921
90050,26,3730
90045,19,3792
90056,16,5001
90078,22,2215
90057,39,1688
90072,11,5515
90019,39,4672
90071,27,2409
90016,12,5559
90079,42,8853
90029,44,9542
90049,43,2153
90092,46,3399
90057,35,7308
90084,17,4644
90039,40,1190
90029,0,5671
90009,7,2003
90035,28,5373
90008,16,4883
90002,18,3630
90096,11,1568
90065,33,6517
90066,11,420
90063,16,5918
90080,10,6683
90004,2,4273
90042,10,4334
90049,24,3480
90006,45,338
90001,42,8564
90051,40,6859
90040,2,5798
90053,14,6717
90022,21,4291
90021,28,7483
90067,1,3325
90082,8,4624
90037,33,5377
90076,31,5415
90012,11,507
90031,46,792
90011,27,1731
90070,1,1274
90048,27,4629
90099,14,9480
90053,1,3142
90065,7,6206
90045,37,3901
90090,32,8295
90054,17,4192
90024,46,4474
90078,31,7747
90092,29,7469
90064,46,8100
90040,30,9455
90051,31,5678
90033,31,4251
90005,33,8171
90038,44,5036
90031,14,1959
90063,17,5660
90027,4,9850
90085,30,7414
90051,44,9296
90085,0,4760
90090,17,1281
90058,22,7699
90058,26,3176
90003,28,1318
90003,16,180
90060,36,2616
90036,15,8846
90039,33,406
90038,24,8954
90061,49,5053
90097,46,7485
90090,47,7470
90067,49,1176
90090,15,1466
90024,36,9450
90045,43,8459
90058,5,9131
90082,1,2460
90054,33,1788
90033,45,5669
90063,34,6691
90082,28,7054
90055,38,4374
90098,6,9764
90008,21,3683
90077,18,5399
90051,39,6725
90088,3,8728
90043,15,7071
90022,40,5947
90024,6,6369
90006,43,1809
90041,32,3748
90093,7,6093
90026,40,5338
90001,42,1059
90044,48,4615
90048,33,7027
90043,48,4044
90064,1,2769
90048,16,1100
90098,27,1103
90080,26,809
90053,7,5377
90045,5,1287
90076,27,9063
90009,8,2855
90048,43,2325
90079,46,1739
90085,18,9597
90018,47,3336
90091,15,9266
90045,21,5106
90048,6,4918
90087,7,9025
90059,40,1628
90074,46,1462
90017,36,6716
90041,13,6111
90036,7,3815
90091,19,8931
90042,39,9586
90076,30,6812
90065,27,1479
90095,13,6465
90051,13,4124
90020,6,1227
90080,4,1776
90001,25,5700
90002,42,9928
90096,13,1170
90011,21,5970
90088,41,8095
90090,37,5313
90080,10,6883
90038,5,4808
90095,9,5048
90071,32,142
90002,15,7101
90093,34,9320
90034,32,5942
90074,17,136
90015,1,2974
90049,17,1533
90033,46,696
90023,12,1817
90006,43,7190
90001,22,2174
90067,22,7003
90080,24,2704
90067,33,9626
90028,19,1345
90043,31,7701
90088,38,1715
90062,41,4350
90024,21,8856
90084,11,9929
90033,22,5101
90079,10,8543
90082,14,5064
90097,37,6673
90054,34,9448
90023,47,502
90064,4,5029
90082,22,638
90065,3,8653
90059,22,2926
90048,12,5398
90042,27,4995
90077,17,5303
90014,45,9110
90068,38,3394
90016,16,3343
90071,29,4186
90096,14,7822
90051,9,8380
90036,37,2886
90071,39,9442
90093,1,2955
90018,9,2965
90079,10,6261
90038,4,3770
90031,32,9022
90064,27,9802
90033,26,7327
90045,6,1712
90034,25,6616
90094,22,8363
90086,8,2334
90039,42,724
90034,30,5894
90065,4,6045
90099,19,5842
90054,38,2689
