90041,43,3349
90009,40,1352
90062,20,3591
90063,4,6604
90034,8,1754
90098,11,8827
90085,28,9215
90017,37,9433
90056,19,9701
90059,24,1514
90039,19,82
90035,23,7244
90079,8,509
90042,20,1225
90052,36,6757
90054,7,7181
90096,36,1411
90089,13,429
90005,13,6089
90044,33,1245
90025,31,1177
90043,43,3900
90050,37,2412
90032,8,8894
90026,3,7359
90026,22,2945
90018,0,9345
90038,36,8520
90039,1,8988
90087,21,5196
90032,31,9435
90045,38,7169
90086,3,5352
90015,3,9159
90084,47,2660
90085,10,9624
90058,11,2712
90015,34,7057
90003,7,7199
90095,12,2113
90061,8,7957
90075,33,3461
90039,42,1216
90045,33,7441
90001,46,2702
90015,15,5137
90002,32,4131
90039,19,8354
90095,48,5859
90011,35,6596
90034,28,2249
90079,44,7972
90080,48,5161
90034,44,200
90067,33,4487
90084,37,1997
90097,45,9115
90092,37,8259
90089,45,8313
90085,19,6701
90080,44,6110
90074,45,1295
90082,32,9891
90097,41,2780
90006,7,5685
90036,14,1374
90044,1,8461
90019,42,4918
90010,7,4528
90049,11,2322
90062,39,2027
90057,23,1581
90038,15,8989
90054,8,7760
90006,20,7711
90091,18,1816
90036,24,7438
90064,46,8626
90080,47,906
90013,21,7136
90045,6,9622
90006,36,7561
90027,9,508
90019,12,2575
90086,41,7276
90059,13,5968
90095,35,4154
90063,47,991
90024,30,4359
90007,22,7389
90015,19,7764
90046,45,10036
90003,15,444
90069,47,2388
90042,49,8665
90095,24,6437
90091,48,8729
90003,16,7553
90023,0,3219
90059,45,6616
90012,6,7545
90017,36,2415
90021,38,3563
90082,43,3048
90010,32,1727
90045,13,9159
90066,48,2458
90087,11,2094
90023,29,8544
90088,19,632
90029,25,875
90041,20,5698
90006,38,7000
90051,30,260
90096,38,4419
90077,39,6753
90085,36,6188
90002,34,1403
90088,23,2470
90001,9,4659
90012,20,6951
90058,32,6645
90035,9,722
90021,39,2770
90096,3,4773
90042,13,1427
90005,36,8699
90089,35,195
90026,31,4485
90033,46,3588
90054,17,9510
90067,43,1490
90062,9,6658
90063,2,5052
90050,48,890
90001,16,1045
90091,46,1034
90067,45,5023
90076,20,4718
90078,2,4400
90006,34,5986
90065,39,3187
90007,44,7662
90062,40,7702
90066,29,1727
90052,37,6917
90065,16,238
90074,27,3132
90064,4,196
90052,5,5512
90049,45,1422
90040,3,7525
90024,2,8454
90048,8,192
90005,39,7799
90024,17,1661
90049,13,4019
90014,47,6221
90038,13,1447
90095,20,6466
90060,30,7340
90009,13,322
90014,21,1667
90035,34,7426
90085,34,8488
90089,44,5028
90068,20,8339
90056,27,5325
90007,18,8954
90096,16,9710
90075,38,5060
90048,48,7675
90082,17,7429
90090,47,855
90005,25,7103
90046,46,1846
90054,3,6950
90067,20,4247
90097,40,7023
90083,45,9416
90037,16,6281
90021,4,4294
90068,9,7946
90029,6,8542
90065,4,4183
90032,21,3819
90059,6,7508
90008,44,7496
90071,49,6813
90093,36,6416
90064,39,9215
90056,47,6092
90018,0,8669
90079,19,9647
90051,10,2019
90082,3,3387
90070,4,869
90003,7,8410
90089,23,6127
90068,42,711
90066,41,7858
90091,9,759
90043,27,3743
90067,2,173
90000,45,8991
90005,21,178
90007,23,8351
90044,20,7256
90073,27,4996
90044,28,9273
90076,41,9000
90043,21,4961
90097,23,8587
90039,17,8383
90079,13,5374
90035,36,3740
90039,4,5205
90062,42,1495
90099,19,2382
90044,22,3363
90002,19,9027
90006,5,4029
90086,26,217
90087,16,4930
90048,34,6692
90058,28,6335
90019,41,5291
90045,7,8256
90074,10,1201
90055,8,1529
90084,5,3184
90056,25,4438
90002,11,3026
90038,19,3760
90051,34,70
90043,17,9137
90085,12,9634
90071,49,6325
90070,28,9650
90086,14,3812
90010,1,9330
90016,31,1870
90028,15,1210
90002,37,6552
90086,27,1788
90000,30,8078
90008,10,3635
90022,11,8667
90061,19,4017
90056,33,8346
90025,34,3442
90091,7,6660
90013,35,4535
90049,47,4536
90076,25,3810
90022,5,424
90084,32,1102
90095,35,7721
90070,6,1207
90097,20,1334
90071,9,5726
90043,32,416
90098,45,5511
90089,6,8728
90081,1,2908
90086,26,7793
90025,33,8052
90091,18,5621
90014,31,3028
90083,36,9053
90059,12,4571
90085,32,7899
90077,30,5563
90026,8,9135
90022,49,3921
90019,34,1225
90087,11,4027
90086,41,7463
90006,49,9067
90075,47,323
90041,28,4174
90061,9,1143
90080,6,104
90036,15,5355
90036,40,5917
90018,4,6247
90004,29,7176
90096,46,4485
90060,37,7339
90062,19,6339
90080,19,9889
90027,17,2053
90001,48,694
90031,46,7862
90065,12,8131
90060,31,9857
90098,29,8258
90037,18,5234
90005,22,4101
90064,5,1482
90059,44,5963
90049,42,8131
90016,20,7483
90057,33,2126
90056,8,5311
90083,10,8023
90031,24,5220
90011,9,1000
90095,6,4163
90059,1,9238
90069,45,2848
90054,43,8797
90061,48,2145
90056,10,6548
90013,33,5715
90033,18,2563
90018,4,764
90035,20,4145
90005,25,2205
90062,3,562
90039,0,1614
90024,3,4181
90061,11,7657
90036,32,4855
90075,36,5824
90092,38,1701
90010,40,2231
90061,0,7910
90065,9,9311
90055,42,7029
90054,13,4666
90061,17,5174
90075,47,2935
90020,32,8033
90005,6,1206
90047,23,9791
90022,8,3052
90041,9,7730
90056,45,3729
90032,19,9897
90002,26,7332
90025,31,1212
90085,23,4721
90087,25,4314
90026,46,7957
90041,29,1797
90066,24,9099
90039,16,7443
90080,36,4110
90000,25,8497
90004,47,5664
90073,13,6081
90045,9,3106
90026,48,9354
90004,15,4640
90009,36,103
90036,19,5347
90018,35,1191
90067,37,611
90088,20,974
90023,44,8536
90013,21,1588
90065,22,2182
90012,34,1382
90095,27,2093
90064,10,8287
90085,4,2887
90064,7,9970
90003,1,6864
90096,30,9432
90093,49,4463
90028,36,324
90059,27,3414
90087,45,6851
90091,45,1803
90096,21,7360
90011,12,8818
90044,5,3602
90004,7,8735
90052,14,9229
90071,43,2309
90036,16,6555
90060,19,2794
90037,32,3639
90006,23,5525
90020,18,2204
90097,37,3736
90068,6,9847
90030,29,2114
90091,45,9152
90077,20,5915
90026,11,765
90007,35,4972
90029,4,6749
90029,30,6959
90008,24,5767
90043,13,1347
90083,10,7035
90082,37,359
90030,34,8798
90001,31,9040
90031,46,3573
90043,17,6296
90052,3,4225
90026,41,875
90025,39,8678
90018,39,4348
90022,4,1072
90023,6,1967
90048,17,6756
90020,12,1956
90014,16,1392
90070,44,3031
90008,47,5727
90019,43,9152
90006,34,3089
90000,7,7040
90008,41,8984
90075,49,2270
90041,21,9009
90081,21,9977
90035,11,1689
90074,10,4869
90068,5,9154
90087,21,9794
90071,14,9430
90063,16,2449
90052,5,788
90004,21,4616
90083,37,6420
90053,6,527
90061,11,6945
90065,3,7481
90080,43,1568
90003,10,8411
90065,33,296
90022,47,7151
90036,9,4601
90091,18,7646
90004,0,9488
90005,27,8541
90059,43,9083
90034,41,6019
90073,37,1252
90093,16,6386
90071,49,7142
90086,10,1612
90062,14,7853
90077,4,8967
90020,49,5343
90034,14,526
90076,40,4581
90035,47,6653
90021,19,8119
90020,6,888
90038,35,3311
90073,5,9609
90091,47,5621
90055,30,8373
90003,2,887
90060,12,6441
90019,3,257
90038,5,8766
90048,33,3417
90010,18,4244
90089,18,9601
90063,27,8744
90077,3,2834
90021,6,6682
90085,47,9862
90056,9,7031
90066,4,9759
90090,31,7801
90080,25,4364
90008,29,7010
90015,18,6870
90077,42,2791
90067,26,345
90028,3,660
90047,32,444
90093,30,8817
90010,49,655
90029,49,1833
90011,10,6867
90063,24,5399
90060,26,7798
90073,24,4637
90003,33,403
90019,10,8051
90096,49,1363
90015,42,1099
90063,23,7619
90032,45,8890
90034,5,3019
90043,34,260
90090,14,4199
90064,31,3566
90070,47,5841
90013,48,6429
90082,26,8612
90052,12,2170
90051,6,4251
90034,43,367
90072,8,2120
90043,1,7792
90004,18,3951
90005,16,5538
90012,11,1219
90022,4,7893
90049,1,3079
90045,32,9567
90090,12,6887
90030,39,662
90056,14,3638
90086,30,4503
90005,24,8050
90014,36,5985
90041,43,3017
90040,26,7580
90079,49,1615
90022,30,5375
90034,34,2084
90047,20,1666
90043,38,3549
90011,33,903
90054,36,1512
90087,45,6810
90026,16,275
90067,7,2295
90007,29,7480
90047,11,3549
90089,46,2584
90000,43,1477
90068,25,6005
90085,40,8106
90092,37,5029
90042,32,8635
90007,14,3635
90090,14,4034
90038,33,2079
90086,4,4999
90061,31,428
90070,19,736
90079,11,4834
90062,22,1555
90057,15,4070
90091,38,5340
90046,9,4718
90085,7,9312
90034,47,3031
90067,40,8798
90069,30,4137
90001,17,2294
90041,12,7605
90096,45,1217
90094,15,4678
90097,22,2437
90046,9,6857
90044,36,8961
90025,15,9882
90068,8,2465
90066,3,805
90063,25,5508
90014,29,4256
90005,2,5556
90019,41,7214
90015,2,5390
90064,43,5586
90078,9,404
90089,37,878
90096,49,573
90095,12,617
90025,6,8089
90000,14,6694
90098,22,9272
90086,22,2423
90032,8,4321
90028,48,5967
90016,22,1526
90075,22,1425
90089,30,3865
90010,43,7695
90004,1,4702
90056,5,2059
90013,38,4271
90001,44,8979
90045,35,801
90026,4,9081
90093,25,3693
90096,36,7536
90011,43,6094
90053,23,4383
90019,8,640
90071,13,4762
90033,16,3312
90060,40,4539
90055,21,340
90010,14,7113
90002,20,5564
90088,26,6995
90091,43,9052
90027,25,8135
90055,35,1646
90027,35,561
90007,2,6750
90089,13,7289
90096,7,4825
90017,48,3103
90006,41,5269
90065,5,3877
90091,24,7167
90002,33,938
90031,40,5545
90058,5,9591
90086,32,8444
90013,10,5111
90069,33,6115
90002,13,6836
90009,16,6281
90074,41,5620
90082,4,6398
90080,34,1224
90090,37,3292
90091,15,7917
90043,17,2699
90060,49,9929
90052,27,657
90078,29,7876
90068,24,2072
90083,40,74
90039,18,1432
90049,46,1884
90069,20,5402
90030,26,3329
90069,44,9768
90073,44,290
90043,12,5196
90077,5,7653
90083,17,3409
90067,36,3463
90058,36,7890
90095,36,5519
90089,24,1496
90024,18,4014
90059,44,1272
90082,32,7551
90056,22,1602
90007,16,2869
90097,26,8183
90068,25,7533
90068,33,9194
90083,43,9046
90028,48,6141
90043,9,2066
90068,0,3862
90033,6,6307
90061,19,6284
90064,31,2692
90066,30,755
90075,38,3301
90058,29,2112
90063,21,7118
90016,29,8674
90025,25,10027
90034,47,9606
90045,20,951
90093,15,9176
90002,13,1758
90064,16,7940
90079,30,3171
90085,3,2451
90051,9,8935
90070,42,3504
90017,1,9998
90031,31,3168
90099,17,4160
90012,1,7512
90005,31,8708
90014,34,8227
90031,8,8368
90048,41,5052
90064,20,2762
90097,12,5331
90005,13,7033
90009,36,3038
90040,20,3840
90087,47,598
90015,0,10049
90099,35,750
90007,21,2686
90088,48,4108
90084,32,1974
90004,26,62
90060,45,8475
90041,44,6899
90045,33,3250
90098,23,1125
90096,13,5999
90012,4,1413
90086,40,9395
90006,43,4420
90022,40,1610
90065,14,4792
90027,13,2267
90001,20,1506
90042,28,8711
90004,26,8891
90012,31,2979
90002,22,6144
90001,32,5369
90095,4,8476
90043,10,4394
90006,25,7176
90090,38,8570
90004,5,5224
90021,10,4566
90077,6,6302
90014,20,6137
90004,39,8400
90050,27,3861
90083,35,510
90094,29,3995
90005,42,3728
90077,47,6371
90072,14,2837
90074,36,6953
90051,41,9927
90094,21,4419
90024,32,506
90065,10,3052
90051,1,7771
90080,35,9182
90047,27,6531
90064,7,9300
90039,24,3004
90045,9,9851
90007,14,7131
90048,27,2731
90010,18,3364
90021,6,7901
90037,15,1735
90069,32,675
90025,38,482
90039,4,911
90042,44,4786
90028,11,6228
90028,34,2509
90097,20,1741
90010,40,6376
90059,21,8328
90040,47,5352
90089,41,3764
90022,49,2693
90063,29,331
90005,31,6053
90070,12,7543
90080,49,6492
90055,27,5826
90007,31,5313
90010,5,5947
90083,22,1417
90081,9,7059
90013,41,3812
90073,24,2770
90020,0,2271
90070,32,165
90083,39,646
90010,29,5978
90026,15,8311
90057,41,7529
90055,9,5680
90082,11,5584
90047,12,9560
90030,44,6803
90030,22,1653
90004,43,2943
90013,17,1550
90045,10,7352
90060,24,1213
90068,8,3114
90033,23,6318
90039,15,8800
90056,48,6292
90017,44,1726
90003,1,7739
90063,5,5448
90074,16,6065
90052,45,245
90081,32,9592
90084,20,7430
90014,32,8564
90064,43,3601
90067,0,9218
90053,29,4442
90014,35,4298
90027,45,4801
90070,6,3652
90059,44,9524
90070,7,7401
90014,35,3499
90031,34,906
90021,21,1513
90013,13,9242
90054,33,1829
90042,22,387
90021,0,9470
90020,33,7354
90094,1,7274
90055,34,4188
90041,9,3718
90012,29,7260
90002,1,9915
90015,5,9768
90020,37,1581
90059,7,1853
90068,18,3512
90080,46,9852
90060,44,7174
90054,42,7320
90075,2,5653
90092,16,411
90091,27,8114
90029,3,3726
90077,27,3133
90039,3,1686
90088,11,2879
90090,35,8004
90011,35,3564
90006,26,8835
90057,14,6995
90001,14,7261
90086,13,9809
90068,0,6932
90057,45,7458
90016,40,2621
90004,41,2356
90097,5,5955
90031,14,5313
90023,21,7801
90067,14,1128
90067,31,6924
90089,21,6318
90051,4,2988
90071,24,4384
90070,16,995
90069,49,8152
90087,34,4660
90055,48,7626
90010,9,2109
90059,5,6949
90090,36,7895
90018,29,9294
90030,7,4060
90087,43,4371
90079,11,7433
90050,5,240
90012,42,275
90084,37,6093
90025,23,5627
90008,25,2802
90099,33,8560
90034,22,7512
90079,0,4453
90004,28,7377
90048,6,8287
90006,4,1883
90015,3,4287
90037,35,1786
90032,0,9152
90098,35,1601
90007,3,7714
90087,6,8853
90053,32,6500
90016,42,2657
90015,11,9450
90089,42,8950
90023,47,6534
90037,37,4106
90048,13,5382
90008,39,9792
90024,42,8588
90064,35,413
90046,35,1203
90089,16,7476
90057,25,3185
90039,3,5899
90036,8,2104
90095,34,8715
90068,15,8551
90091,31,7050
90072,13,4603
90024,14,1722
90014,35,5254
90077,8,3826
90085,42,3755
90098,34,3879
90082,39,3278
90064,36,9427
90052,34,4642
90013,33,1009
90071,31,2768
90032,28,9515
90081,40,2596
90097,49,4587
90092,22,6280
90028,16,2157
90086,30,9334
90082,11,6346
90023,48,5401
90074,5,3371
90065,19,9606
90024,27,540
90075,17,7965
90062,25,6368
90044,41,4959
90025,29,5217
90092,7,506
90004,26,4864
90021,39,7237
90072,16,6946
90011,49,1932
90010,41,2061
90027,21,8951
90022,5,7877
90071,10,6314
90009,39,5988
90079,37,6919
90051,39,8515
90060,13,486
90009,36,2979
90006,28,9603
90015,44,7518
90020,48,9214
90050,34,7806
90057,28,9744
90099,47,1788
90016,2,3912
90050,8,2149
90062,38,9510
90012,42,3583
90028,25,884
90090,42,422
90026,29,9577
90036,31,7832
90089,24,2778
90077,45,3740
90025,46,9449
90071,28,3756
90037,9,9594
90010,6,8735
90062,14,8546
90095,32,9958
90051,24,920
90056,27,3484
90063,47,9932
90063,24,6289
90039,42,4641
90070,38,9989
90093,27,2306
90085,49,791
90007,18,1670
90082,9,5077
90086,23,2934
90058,40,5256
90066,2,7112
90077,17,2726
90091,12,8671
90046,22,5491
90064,6,6240
90013,37,7083
90014,15,2390
90049,36,7505
90083,36,6274
90051,16,717
90090,20,4525
90075,44,5235
90015,48,8110
90055,29,754
90047,37,735
90029,25,8835
90023,29,7437
90012,10,9085
90076,17,4780
90052,0,1581
90076,29,1723
90068,0,4060
90080,4,5823
90058,32,3202
90075,41,8622
90082,17,7644
90029,19,3908
90031,44,3840
90020,3,5129
90058,33,7063
90090,21,792
90056,45,3951
90067,28,3688
90058,37,2955
90058,13,522
90062,29,7085
90042,31,7399
90091,7,8740
90013,45,6918
90022,23,7883
90015,19,4707
90060,31,7076
90048,4,5701
90010,23,10034
90021,47,10003
90035,49,6169
90093,23,3217
90094,48,5791
90076,40,357
90022,34,9066
90038,13,3095
90077,12,2442
90054,47,2768
90094,19,5096
90030,5,5620
90040,8,3762
90084,34,4208
90087,30,8433
90064,34,8192
90018,48,8144
90011,20,3915
90047,19,4058
90043,26,7726
90019,27,5493
90082,36,7157
90026,3,3100
90086,20,3368
90081,31,4890
90097,27,9735
90008,43,4425
90031,15,8997
90079,10,7943
90024,29,1505
90023,34,5737
90026,34,7740
90065,16,9381
90073,41,5288
90018,26,8880
90063,6,6678
90053,4,8954
90044,27,4921
90052,31,5591
90048,46,5700
90075,14,4521
90062,2,7817
90072,42,6370
90047,9,9451
90052,13,2875
90084,44,1112
90065,33,3714
90004,33,8879
90059,21,3058
90059,2,3959
90076,3,7556
90007,16,7701
90025,7,9673
90076,22,6380
90029,18,5923
90035,40,9231
90046,23,5240
90058,20,1488
90033,12,1215
90003,40,5471
90097,8,9264
90019,18,7094
90077,33,5969
90040,12,6225
90079,8,4625
90093,22,9792
90068,24,5973
90065,30,3586
90024,31,8669
90010,0,2509
90089,20,9926
90049,13,7820
90023,33,1748
90062,44,3184
90096,36,9672
90086,12,5248
90031,15,9475
90030,30,6386
90095,37,8787
90024,49,194
90068,8,904
90091,24,2936
90014,27,9017
90066,2,8414
90008,31,7537
90095,42,2525
90046,27,3802
90075,20,4395
90048,2,6862
90088,31,6376
90090,29,9641
90081,47,8264
90073,43,3218
90075,28,6998
90046,28,7753
90001,25,7435
90066,39,2132
90043,11,6073
90009,18,3954
90038,21,9653
90020,13,1813
90095,34,8090
90093,35,3759
90026,32,629
90083,22,9832
90071,27,8794
90015,1,1438
90087,10,8491
90027,10,9795
90044,17,8603
90088,43,5546
90005,28,2941
90065,31,4784
90001,44,3844
90071,3,8295
90096,24,1457
90031,37,7235
90082,2,1288
90080,0,2773
90095,20,2698
90016,0,5760
90079,5,5146
90018,32,6422
90029,10,5291
90065,21,2010
90062,45,783
90084,14,4239
90056,32,7673
90045,7,9783
90070,42,3356
90001,48,8564
90078,7,7321
90007,41,1962
90076,43,5347
90015,48,457
90072,39,1322
90049,31,6741
90091,30,8089
90073,48,7869
90092,0,8244
90035,39,6299
90031,3,6408
90036,16,474
90014,23,8228
90079,7,7709
90036,35,2301
90085,27,5104
90047,10,7006
90029,34,3801
90039,48,8416
90087,16,5120
90007,35,6388
90079,10,9273
90059,7,9564
90087,33,8046
90032,35,8167
90042,25,9733
90013,23,9139
90065,23,8853
90020,37,4768
90050,40,6203
90047,39,7702
90038,10,2178
90013,1,9059
90082,38,8627
90070,36,3265
90063,48,7615
90078,11,5188
90072,5,3423
90006,14,9371
90033,9,3471
90036,31,8370
90078,1,5016
90067,41,914
90073,13,1094
90026,43,8724
90045,21,2773
90083,33,91
90067,15,9810
90036,16,1158
90055,38,3989
90021,32,1723
90084,16,5598
90049,29,7373
90059,25,2495
90060,0,5464
90074,13,1297
90090,18,252
90041,30,9925
90074,5,2164
90021,1,1335
90068,45,8474
90058,46,5920
90038,1,2600
90058,13,6954
90091,31,186
90019,41,2977
90026,12,3017
90083,21,1263
90007,6,8128
90086,19,783
90019,1,7820
90066,7,1253
90020,26,2325
90011,49,4363
90072,48,2079
90065,8,3485
90004,4,8736
90008,43,3467
90082,8,6445
90094,40,6050
90053,27,7247
90086,4,4620
90075,45,2089
90013,20,8591
90077,14,7971
90087,21,6986
90049,34,4981
90020,28,1900
90044,10,9031
90008,32,3553
90023,35,3627
90085,35,9677
90009,5,4291
90066,1,5033
90071,39,5043
90035,34,6661
90045,17,9464
90043,31,9750
90051,5,1721
90021,42,5514
90051,34,3090
90073,4,9889
90093,20,8559
90034,49,9534
90069,23,6618
90025,49,4954
90060,2,4878
90002,0,320
90085,0,2706
90059,25,7287
90022,15,7888
90077,49,6674
90049,16,5231
90099,40,9556
90020,46,265
90083,9,2053
90091,47,8859
90036,30,2841
90011,27,6090
90001,0,5177
90095,6,7841
90005,45,5881
90073,44,7124
90034,32,193
90028,31,3290
90072,32,9490
90000,24,4038
90079,28,2290
90020,23,8698
90043,20,1286
90070,30,9614
90086,27,2223
90007,45,4356
90094,42,8976
90036,49,4207
90037,13,2505
90020,48,6843
90014,15,1466
90032,28,6755
90067,28,7520
90051,29,7443
90012,0,5191
90021,38,5028
90040,33,3970
90042,13,7816
90071,6,8758
90081,38,1079
90028,25,3493
90027,5,5930
90020,47,8680
90043,16,1167
90087,49,5521
90075,7,1362
90077,17,4961
90041,48,8527
90027,37,7254
90020,29,5460
90084,29,9568
90015,6,8891
90074,29,3136
90043,19,9685
90073,29,5797
90038,33,5406
90081,10,8168
90006,12,8021
90048,20,9974
90075,20,2492
90092,14,2701
90067,19,1896
90025,15,5492
90079,49,2685
90074,37,1789
90022,24,8752
90026,21,6375
90061,30,2929
90078,44,4288
90045,14,4828
90063,29,3363
90092,32,2090
90043,31,1981
90066,5,1127
90006,45,1346
90060,5,3678
90001,12,3675
90059,37,3250
90019,30,8568
90038,10,4210
90036,34,6955
90003,0,5308
90035,15,1382
90005,36,5764
90055,42,8236
90098,36,5452
90078,23,6350
90047,49,2406
90033,20,5456
90018,17,9428
90013,27,9556
90005,26,1786
90020,6,9900
90034,12,2666
90085,25,828
90055,24,5046
90085,16,373
90041,23,8224
90082,42,7897
90009,6,8668
90087,27,9041
90050,21,4900
90002,39,3552
90075,29,5710
90021,16,6113
90016,22,179
90039,32,4236
90044,9,8088
90062,16,3216
90088,30,278
90004,34,465
90032,16,4361
90025,15,6893
90021,27,1831
90061,21,217
90043,0,242
90028,18,5659
90047,31,1705
90079,48,7699
90047,9,3405
90047,22,5999
90001,14,3354
90038,44,6393
90019,9,2436
90098,30,550
90098,12,909
90087,23,3088
90015,10,8094
90039,0,4968
90045,23,9698
90077,10,6818
90016,21,162
90023,19,7184
90052,3,1693
90096,14,8589
90021,5,4777
90036,43,2035
90037,13,4519
90046,36,5452
90051,0,8626
90087,37,6724
90022,13,4741
90072,16,9540
90045,32,3241
90008,40,8977
90015,0,6938
90090,10,4738
90090,29,6891
90097,46,6986
90066,16,4605
90061,26,5757
90048,26,752
90078,16,1383
90004,3,8581
90059,47,9822
90021,4,8916
90031,8,6536
90037,26,2557
90076,18,8151
90093,8,1628
90082,14,5805
90007,28,457
90092,45,5061
90048,35,1954
90036,30,793
90038,11,175
90091,47,5267
90091,43,2573
90004,40,7887
90053,45,2741
90043,20,1878
90007,22,6399
90093,39,1649
90069,13,542
90014,21,6113
90084,4,9732
90050,14,3502
90061,45,4106
90070,1,7677
90008,33,9247
90065,0,3556
90092,40,8488
90007,43,9020
90063,10,1772
90095,43,2499
90056,28,7913
90084,26,6785
90000,8,7831
90010,25,3024
90091,41,9805
90061,2,1939
90036,14,5989
90011,12,1205
90025,35,7633
90050,11,4771
90071,33,3113
90036,34,9182
90021,26,6971
90015,21,4868
90012,38,2473
90030,33,1315
90034,32,822
90033,12,94
90045,48,2467
90005,1,7142
90092,20,2739
90026,4,7471
90031,26,8650
90072,1,4732
90037,33,6936
90037,41,4029
90012,7,9713
90009,27,7415
90035,6,492
90047,41,2103
90011,13,2560
90066,41,5301
90066,45,5046
90041,25,2269
90050,10,4724
90047,5,8862
90042,26,1944
90036,2,7941
90010,45,9846
90082,26,9587
90053,39,5600
90000,11,4443
90042,1,5753
90011,30,9774
90033,44,8436
90056,23,8640
90030,44,3826
90002,49,4802
90015,2,9254
90031,13,3785
90017,6,2419
90029,34,309
90098,32,1611
90024,18,7994
90077,33,3860
90075,40,10041
90040,35,8539
90088,46,9773
90012,48,5017
90011,28,452
90016,3,4158
90080,10,172
90067,18,1385
90078,45,1896
90087,35,1268
90024,46,2164
90039,16,6224
90083,48,5377
90083,37,4165
90076,1,5631
90009,44,1795
90068,24,6878
90057,39,364
90081,25,1761
90070,17,4789
90060,12,8530
90080,21,2509
90011,11,1863
90030,43,2607
90011,1,6629
90032,6,5014
90082,7,9539
90081,46,4619
90046,29,5087
90024,10,5149
90066,13,9997
90060,38,3382
90010,2,5732
90011,14,8897
90030,37,2094
90035,31,6568
90073,29,9925
90048,36,3579
90081,0,8225
90003,20,7132
90018,18,1255
90047,28,5929
90062,0,8309
90097,3,2472
90008,24,4843
90077,38,8741
90046,15,1670
90072,26,7671
90098,0,1752
90009,23,651
90030,2,1286
90069,31,4538
90037,29,6363
90048,4,3089
90045,15,4959
90000,25,9604
90093,2,4621
90046,47,4416
90004,35,3552
90099,19,872
90064,48,6636
90096,40,8301
90048,7,9315
90048,37,898
90095,28,3320
90083,36,3770
90095,22,4636
90086,41,2168
90052,28,1219
90055,36,8557
90050,25,879
90056,20,7004
90030,5,3266
90049,47,6200
90012,31,8895
90009,12,2163
90059,21,3785
90080,32,6480
90009,29,9202
90079,11,5905
90044,1,5977
90069,39,308
90009,8,2868
90034,44,6846
90035,41,5471
90087,12,8150
90093,13,7211
90041,1,8857
90087,9,2753
90059,10,2676
90096,11,2552
90030,21,6369
90056,6,7812
90050,43,7441
90051,11,5596
90018,35,7951
90027,36,5042
90034,11,2333
90044,13,2875
90025,13,96
90081,48,4090
90013,35,10001
90042,39,2274
90082,29,1541
90077,20,9550
90068,13,3373
90008,5,8756
90008,3,1036
90084,9,8412
90062,32,7360
90001,36,1219
90063,21,2132
90062,2,4837
90079,17,1670
90081,4,6791
90010,45,9782
90072,20,6603
90027,17,6420
90046,13,8884
90042,19,7818
90003,40,9241
90032,8,742
90013,5,6899
90045,7,5181
90073,28,6151
90082,47,9057
90069,4,7253
90015,34,8726
90003,2,2928
90017,0,4556
90019,47,912
90036,12,8819
90002,38,1575
90051,44,5158
90017,37,7527
90028,34,444
90005,36,408
90040,7,7352
90093,30,1340
90072,1,7714
90070,4,3789
90085,37,5486
90064,19,2333
90061,40,8303
90030,46,959
90065,32,4326
90036,44,8068
90011,2,3878
90022,25,5536
90084,46,2274
90097,18,1429
90042,36,7101
90031,39,3702
90092,3,4806
90068,10,1388
90058,45,3767
90089,9,7431
90056,34,6616
90063,30,6139
90054,49,452
90019,34,4140
90072,44,6137
90052,46,6197
90068,21,4360
90094,6,2443
90066,48,5465
90040,21,6767
90072,26,5770
90004,3,4322
90028,26,7669
90050,45,6141
90028,25,6857
90037,44,7585
90055,38,3633
90070,24,5830
90023,33,6201
90060,48,3900
90018,37,1651
90080,25,939
90044,39,8826
90087,10,312
90001,5,2961
90022,36,8880
90086,16,9037
90006,20,8019
90011,31,2895
90037,37,1769
90085,22,9081
90048,26,845
90016,13,2223
90020,36,4897
90090,41,2974
90017,18,5472
90040,47,9484
90005,32,6895
90058,23,314
90000,12,546
90093,25,1090
90012,48,2997
90052,25,9204
90028,9,9157
90069,30,6149
90021,16,4681
90042,27,8016
90003,19,3854
90000,48,6041
90002,22,5226
90063,37,9042
90051,18,5166
90060,29,7316
90085,0,5301
90040,16,8299
90072,34,1034
90021,33,3952
90065,40,3030
90038,44,1278
90053,32,3397
90091,18,2368
90036,46,8943
90035,15,6768
90031,15,5315
90078,44,1672
90033,3,4272
90060,31,7717
90087,45,2657
90062,43,2158
90049,0,2417
90063,4,1850
90072,26,4096
90017,16,3820
90034,3,8949
90062,31,7238
90042,42,2762
90044,19,6511
90006,9,2739
90069,43,857
90022,6,5877
90002,44,2315
90070,21,3516
90056,2,3100
90055,21,9611
90029,0,1969
90078,34,3091
90050,33,3726
90022,8,7541
90001,5,8879
90060,28,3017
90087,24,6905
90060,40,4402
90074,30,6514
90074,24,9196
90096,32,566
90056,25,6880
90064,8,6548
90055,7,6426
90079,39,2890
90070,39,3141
90058,35,8053
90091,29,6625
90038,13,7688
90012,18,8979
90019,36,4095
90045,1,671
90071,46,6355
90008,24,814
90072,8,3202
90004,37,1949
90001,7,9681
90041,2,4893
90021,2,5895
90003,6,5169
90037,16,134
90043,32,8123
90027,17,7488
90029,29,8495
90079,48,3001
90023,26,7406
90086,20,5635
90030,12,9034
90050,1,80
90017,8,824
90089,20,7906
90042,12,232
90012,19,1757
90067,20,9374
90009,5,3458
90094,2,5084
90027,45,5768
90027,16,964
90034,19,5319
90047,22,5611
90079,22,7643
90094,11,6628
90067,5,3831
90060,49,2418
90090,11,1899
90044,24,1442
90045,32,3120
90051,21,9522
90028,35,3415
90021,14,3165
90095,8,508
90049,9,1620
90014,6,7108
90055,34,710
90009,3,1757
90060,45,594
90081,7,9901
90047,19,4157
90061,26,9255
90001,38,9197
90088,26,3323
90019,34,742
90047,3,4264
90008,47,2613
90035,43,1407
90006,24,3824
90073,27,9109
90097,41,8456
90095,20,4813
90078,2,2234
90050,17,5747
90013,44,1670
90011,10,1997
90010,45,7016
90027,4,7797
90005,21,6426
90058,37,4006
90097,15,2677
90042,29,6747
90056,46,8229
90076,14,2381
90091,1,6837
90054,0,424
90046,49,2550
90086,7,813
90042,48,1151
90079,47,5554
90033,28,4726
90018,47,3523
90083,22,7915
90062,1,8248
90031,41,7859
90071,13,5898
90014,2,3305
90084,17,8852
90092,36,8472
90023,22,9903
90055,6,3210
90061,2,2294
90036,6,752
90075,37,3637
90014,30,1790
90010,4,4767
90097,20,3924
90074,5,4520
90070,33,5360
90002,26,3729
90018,12,3342
90037,36,8913
90060,25,6144
90003,41,6666
90081,14,7561
90021,12,528
90007,26,846
90095,44,6859
90057,11,6989
90065,41,8715
90092,5,3855
90091,7,2942
90051,31,5688
90068,24,2398
90046,12,3987
90039,11,2338
90027,49,4345
90000,9,118
90085,24,9974
90026,19,9745
90030,11,624
90021,45,5622
90024,8,2633
90035,24,6285
90065,17,7526
90073,27,7351
90030,9,3876
90040,42,5328
90094,41,4011
90077,1,7095
90067,3,1081
90077,38,7417
90071,2,1541
90018,16,9453
90092,32,4221
90092,1,3397
90066,39,4631
90009,37,4667
90049,0,1378
90060,12,4073
90071,32,4565
90013,8,9110
90012,26,7014
90048,23,1897
90077,43,3061
90009,42,990
90056,31,6597
90021,43,1622
90066,43,7454
90059,40,3132
90039,16,813
90006,23,3964
90042,33,776
90069,42,8738
90020,8,6501
90068,31,8859
90040,45,1886
90019,17,227
90063,6,8175
90076,42,5083
90010,15,7598
90046,43,8837
90068,24,7400
90011,23,5018
90011,28,2114
90037,28,2569
90087,38,8366
90055,8,2721
90086,2,7991
90021,29,6233
90098,25,7176
90017,11,3232
90071,5,9129
90018,36,8114
90016,28,6876
90075,1,6991
90003,20,3011
90070,30,866
90088,23,2078
90096,39,9508
90016,31,8215
90038,39,5014
90046,19,5625
90031,7,6574
90075,49,1845
90036,24,7039
90074,38,6437
90085,10,9371
90097,5,4863
90087,39,198
90046,2,8597
90085,48,4781
90050,42,5302
90021,3,8564
90055,11,8588
90049,15,9709
90035,23,5222
90026,36,9694
90012,33,1643
90046,12,7055
90053,33,303
90003,42,2137
90046,15,3520
90040,23,3218
90035,5,3529
90043,5,4112
90018,9,9016
90074,37,5751
90099,46,2060
90089,32,1574
90005,39,4707
90063,20,6394
90098,48,9849
90023,37,1763
90028,22,1829
90013,16,1190
90002,28,3732
90093,25,4892
90087,5,5414
90075,48,2935
90016,13,8537
90046,30,9240
90028,27,4306
90014,43,6528
90094,48,8472
90044,18,4543
90007,40,8969
90005,24,9111
90049,20,648
90021,31,4869
90009,22,2066
90098,13,9025
90036,49,7005
90054,40,3806
90003,38,9443
90015,39,4589
90036,28,8526
90016,39,3641
90003,17,5000
90027,26,3847
90098,22,1094
90073,32,52
90002,34,552
90063,2,2499
90059,9,5503
90074,22,6874
90033,16,6725
90017,26,4759
90014,7,4493
90034,25,7419
90086,6,8083
90089,9,479
90041,20,9579
90044,4,5423
90088,1,8037
90056,23,7277
90035,31,7412
90071,49,7640
90095,13,5813
90071,33,7039
90022,17,4620
90027,13,4807
90072,34,73
90054,43,5737
90045,10,1098
90081,26,3749
90048,21,8546
90027,19,7408
90092,28,9410
90051,5,9043
90089,27,6845
90007,39,6177
90023,36,2090
90069,9,3099
90073,40,2662
90065,5,2692
90074,11,1001
90007,38,5876
90043,3,8490
90015,20,2370
90008,12,9469
90078,22,7420
90059,4,3324
90036,42,4674
90090,33,7141
90071,14,132
90073,42,7354
90072,21,1352
90014,28,5144
90099,47,3737
90099,38,5838
90089,10,8412
90079,17,7110
90053,44,9254
90048,11,7044
90039,6,9154
90025,4,3778
90072,32,9402
90078,33,7851
90056,39,5407
90078,35,2297
90065,38,8394
90052,12,2504
90049,8,7030
90020,26,2340
90086,9,1744
90051,7,7709
90042,36,7019
90041,22,10026
90038,31,3305
90045,13,1375
90054,49,8047
90051,14,8554
90036,14,4385
90076,49,7861
90011,30,4350
90064,0,9396
90091,23,6325
90032,37,7433
90041,17,1480
90059,48,8048
90049,47,7460
90011,24,4589
90035,8,7764
90008,48,1946
90086,2,3164
90086,20,6624
90003,19,4582
90052,0,4442
90076,9,1966
90066,9,9042
90068,0,6710
90072,39,5145
90071,16,3295
90008,44,1849
90070,36,6535
90019,17,5096
90005,31,5427
90079,26,8998
90072,0,301
90067,2,9719
90011,41,5010
90028,36,2420
90006,24,1645
90065,39,137
90003,37,6858
90037,21,7952
90088,40,9203
90054,8,7077
90065,10,6380
90025,4,8881
90036,39,5873
90048,42,6895
90061,18,5901
90080,18,570
90021,30,6218
90050,27,427
90025,20,7067
90069,44,8761
90094,6,3706
90002,31,7358
90046,17,9520
90002,43,3178
90061,30,8381
90096,6,5480
90094,28,6403
90056,47,4429
90043,47,8883
90070,0,8298
90063,15,4578
90095,8,8922
90073,12,8338
90096,11,8752
90021,30,88
90087,34,818
90024,29,558
90023,29,5000
90076,43,617
90006,4,6266
90060,6,9923
90048,5,9055
90030,15,4248
90014,40,2782
90055,10,1321
90027,46,4691
90088,20,7914
90090,28,3191
90011,31,6431
90028,1,5072
90057,15,2033
90032,40,8631
90047,21,6044
90076,14,6360
90065,27,6890
90061,49,284
90092,17,427
90095,5,8075
90043,21,6321
90096,28,671
90005,20,5784
90021,40,8574
90052,7,1854
90016,11,4270
90005,8,6448
90007,25,8104
90088,1,7711
90022,8,3059
90086,1,8573
90019,28,5078
90024,8,6269
90002,0,838
90026,23,6220
90015,46,4166
90042,5,1324
90018,38,6501
90092,8,7322
90006,28,5410
90076,38,3002
90078,33,9184
90005,0,8651
90028,24,9896
90039,34,4277
90050,14,8373
90063,7,8335
90069,10,8829
90022,1,6836
90056,0,1419
90064,9,5449
90009,3,5659
90013,17,1747
90065,26,9832
90012,43,1309
90031,8,3583
90083,18,7532
90050,3,8664
90030,9,912
90086,27,3396
90000,24,3011
90068,26,7505
90020,48,9778
90087,25,4641
90088,34,3449
90087,20,846
90080,17,4823
90031,22,1836
90098,14,7099
90012,9,2061
90083,41,2102
90096,18,8651
90053,30,1836
90009,36,4431
90015,36,3790
90060,14,3589
90020,31,6075
90022,21,9695
90039,48,4098
90057,27,8742
90047,36,2728
90091,4,3065
90008,24,969
90089,5,9390
90055,11,2883
90055,38,7531
90001,30,7853
90082,34,1238
90011,43,6516
90072,21,4445
90077,10,8525
90097,15,1649
90062,12,4070
90024,8,6023
90068,38,3823
90067,48,3751
90068,2,4020
90043,30,6206
90098,6,7305
90036,14,5620
90053,47,6378
90037,4,8682
90026,24,7364
90057,6,8815
90053,40,9213
90005,21,3190
90054,10,6808
90081,25,4852
90058,0,5952
90086,3,1200
90066,16,7573
90005,38,6528
90024,49,1305
90014,19,7938
90080,12,4481
90001,14,2531
90083,2,4362
90057,43,4386
90081,31,8312
90021,33,4498
90092,23,406
90071,11,4581
90073,12,2247
90067,37,5314
90019,19,5484
90097,32,5183
90057,37,2276
90048,24,8210
90050,41,9046
90087,1,9460
90056,40,5693
90042,37,8801
90073,19,5272
90014,42,5512
90073,8,6075
90080,16,7883
90024,35,6025
90017,36,2318
90035,40,4157
90031,33,8700
90017,19,7324
90070,33,8790
90033,7,3360
90028,18,628
90047,3,1855
90058,47,4608
90061,49,4397
90079,48,1772
90044,28,4551
90015,12,9076
90079,16,5339
90012,46,5175
90015,20,593
90086,9,1162
90037,40,551
90017,37,6332
90013,21,7452
90015,29,7208
90044,41,4262
90083,37,3351
90076,0,4982
90025,6,7099
90098,34,4778
90034,16,7718
90021,39,195
90093,46,1353
90077,24,217
90037,23,7489
90048,49,9527
90054,45,6219
90012,40,1431
90023,2,4464
90013,12,2244
90037,39,2369
90015,26,4193
90021,11,1414
90021,39,6460
90007,23,8588
90057,16,9326
90036,33,1767
90046,21,2230
90090,17,6210
90004,43,9719
90011,9,243
90049,2,8263
90002,23,8706
90036,1,8702
90029,13,6140
90077,7,281
90067,18,2111
90093,20,5872
90013,35,9767
90091,25,4956
90013,36,2530
90004,8,2616
90015,38,5203
90085,5,2143
90068,35,7458
90085,8,9306
90083,29,6867
90054,29,6003
90057,32,730
90081,39,5400
90025,22,2418
90006,35,3420
90091,10,6767
90094,45,2015
90060,21,9295
90059,41,5234
90058,0,2167
90058,22,3721
90004,0,7905
90074,17,3273
90080,37,7982
90029,9,2733
90090,11,3521
90020,20,7859
90090,19,1050
90048,17,6861
90030,5,4770
90025,4,4280
90023,6,3100
90078,11,612
90015,37,1918
90086,46,8366
90064,21,1734
90077,21,528
90037,14,4480
90097,41,3327
90009,35,8405
90036,6,2672
90077,4,7315
90074,11,733
90076,16,9417
90062,32,3386
90037,31,8093
90082,23,8505
90091,3,4446
90024,27,304
90027,17,195
90067,45,6433
90067,22,3180
90096,6,4061
90085,48,506
90027,30,5569
90088,35,6473
90082,0,6181
90068,43,9225
90034,25,4666
90088,49,4887
90044,45,2612
90012,43,9531
90019,1,573
90024,10,7682
90027,41,4074
90003,12,9799
90061,10,4930
90067,42,5122
90000,7,8585
90040,6,1659
90014,46,6581
90027,9,4791
90023,17,5931
90049,9,10036
90099,30,7121
90064,1,6023
90096,20,8563
90045,43,9803
90015,1,8935
90018,11,7168
90086,14,2350
90062,38,1799
90015,29,6515
90005,3,1531
90032,1,7769
90033,4,9891
90071,20,4541
90001,5,4099
90011,28,8935
90089,38,7787
90047,16,7990
90079,46,8980
90024,7,4384
90031,28,7339
90077,5,7460
90096,11,9876
90024,45,5227
90022,6,3672
90028,27,9585
90060,49,8324
90062,27,3838
90027,44,8641
90038,26,4285
90039,48,4778
90019,7,7627
90003,30,9898
90056,10,502
90009,13,4862
90094,22,6469
90001,17,4117
90011,41,2024
90016,4,3283
90010,47,3799
90016,48,5543
90087,23,1430
90099,22,5556
90075,6,8309
90092,49,3494
90039,49,7044
90094,8,9861
90069,44,240
90088,22,3766
90071,32,741
90084,5,5492
90024,30,7968
90019,46,8590
90042,37,6403
90031,19,1938
90016,44,4543
90097,28,2798
90052,29,9933
90016,25,2673
90084,0,3776
90061,23,3328
90041,6,4695
90087,17,9417
90027,21,813
90023,25,7646
90055,38,5808
90024,2,295
90006,44,6653
90043,37,5277
90065,35,8190
90096,44,308
90053,48,61
90078,19,1601
90079,21,7073
90052,1,2616
90011,38,6955
90067,32,4330
90075,35,5678
90055,39,8667
90034,37,8797
90065,47,8556
90093,35,7675
90018,49,9748
90024,19,5127
90066,20,4075
90072,29,7927
90069,0,334
90091,8,3500
90011,7,6619
90035,21,4938
90083,31,2452
90080,49,4946
90015,33,6063
90096,17,7964
90033,5,9053
90016,47,2232
90054,15,6013
90087,38,3506
90000,39,2853
90078,29,2829
90043,13,9415
90049,45,1887
90013,47,6630
90094,15,9792
90094,44,7515
90065,30,6340
90072,12,8098
90018,27,8449
90051,49,5347
90099,30,131
90059,24,7611
90008,36,8776
90079,34,7676
90016,25,10029
90067,35,7353
90096,49,5697
90036,43,2610
90035,26,4517
90008,32,1948
90045,10,678
90050,25,4713
90059,24,4391
90011,17,6155
90027,4,9467
90064,28,2901
90055,45,6595
90022,4,6921
90051,1,8851
90013,11,9786
90040,10,5325
90063,42,3098
90092,30,2020
90080,27,6235
90077,22,9753
90052,29,4529
90007,0,848
90059,47,4478
90081,7,7931
90077,31,7300
90098,28,1405
90017,26,3717
90071,3,9415
90006,37,517
90057,42,7325
90035,35,9830
90032,13,7489
90026,19,8090
90029,10,2757
90007,14,1091
90005,7,1053
90017,9,8389
90077,22,3177
90002,0,4465
90048,33,702
90009,12,6203
90078,0,9421
90075,31,1444
90069,12,6234
90047,23,8928
90057,26,9476
90081,49,3832
90095,26,6546
90041,19,1159
90000,46,3378
90098,35,9186
90046,6,4361
90010,46,8367
90028,28,1137
90062,4,7828
90082,33,2761
90048,21,2590
90077,18,359
90082,21,5094
90027,15,79
90032,11,7273
90023,3,2508
90096,10,7850
90079,49,4719
90003,42,8549
90093,45,6819
90055,12,526
90043,2,3550
90020,44,7720
90058,0,2439
90064,19,2660
90031,42,8735
90021,1,4645
90092,25,6602
90055,22,3742
90031,16,9124
90053,3,3545
90012,31,9745
90061,14,6132
90095,26,2996
90036,33,556
90078,22,247
90017,24,7509
90047,19,2142
90079,47,3555
90017,43,1968
90019,43,8267
90085,32,592
90045,18,6560
90056,13,4428
90095,34,3881
90028,35,3354
90076,17,2755
90053,22,9003
90084,24,4103
90062,22,3904
90060,4,3274
90091,15,892
90013,8,1352
90042,1,1640
90077,43,9435
90090,24,3697
90043,46,265
90041,8,968
90093,32,8207
90031,30,7847
90009,34,7157
90068,5,5144
90084,7,1752
90087,37,7461
90026,47,2945
90076,33,3229
90090,46,7099
90098,44,5781
90077,48,7828
90095,0,8973
90021,16,8864
90072,15,9612
90052,20,4902
90093,27,4057
90034,6,6990
90011,47,3289
90082,36,8678
90065,14,1088
90047,19,5016
90012,26,7310
90085,29,2969
90038,0,5163
90011,12,2004
90022,37,2782
90022,1,910
90021,12,5889
90040,25,529
90046,26,4960
90070,25,7983
90038,10,5671
90015,9,7643
90031,45,1023
90015,44,6921
90080,40,1298
90000,19,6766
90052,9,6133
90058,35,2406
90014,49,4065
90034,47,9891
90020,26,5641
90028,26,9650
90018,13,2148
90088,14,9519
90050,43,5584
90012,0,2180
90054,35,9692
90074,18,8667
90021,46,9144
90023,14,7611
90004,15,212
90042,30,1089
90094,4,2385
90045,16,436
90091,37,9942
90070,5,3313
90089,35,2263
90036,17,2771
90029,6,7354
90018,10,9963
90037,8,64
90092,34,7676
90030,25,6555
90087,41,9575
90087,17,6543
90061,0,9167
90045,16,108
90001,6,3934
90010,5,6389
90060,37,2231
90065,10,2902
90056,42,4178
90082,23,6908
90014,29,5894
90054,40,1934
90032,35,1094
90050,35,2870
90018,44,7378
90040,48,8909
90024,37,5741
90087,4,2746
90000,31,4441
90037,45,1176
90046,20,8079
90046,9,6840
90024,27,1500
90001,23,9422
90005,38,1308
90011,5,701
90038,35,7346
90085,6,9847
90065,14,2016
90020,13,5037
90099,0,5734
90082,11,6977
90021,44,9581
90039,7,8587
90016,31,2797
90095,47,6817
90046,17,8685
90032,36,4529
90078,6,2687
90043,47,6074
90090,18,7125
90040,44,1352
90049,33,9365
90004,43,5958
90057,3,2817
90078,43,3702
90083,44,3869
90066,40,7177
90006,37,2633
90085,30,132
90017,12,2938
90092,37,8119
90000,4,8353
90070,31,3303
90067,23,2561
90057,23,8964
90084,30,7293
90050,42,8835
90070,34,2535
90073,9,5796
90085,49,1233
90055,44,2427
90047,3,2446
90094,4,9771
90066,10,384
90054,17,245
90087,45,9963
90059,4,4109
90032,28,4224
90050,17,3878
90070,37,7026
90077,13,5199
90019,24,5930
90042,29,6691
90082,38,4573
90028,2,2335
90093,6,9793
90070,16,303
90056,10,5572
90004,18,9584
90085,46,4278
90009,19,9294
90081,19,3048
90016,36,8487
90081,8,1378
90044,41,9077
90020,2,4877
90009,34,9380
90020,49,4952
90049,32,2482
90027,14,3221
90013,29,2748
90019,32,619
90048,14,9279
90005,0,6322
90068,35,1805
90063,17,4603
90071,25,9994
90056,41,8032
90017,37,8200
90013,41,2841
90014,39,1128
90037,11,9401
90079,5,1758
90092,40,6554
90000,48,6491
90008,28,1510
90025,30,1128
90017,12,6004
90053,46,6922
90033,21,3775
90028,21,3318
90098,32,1911
90018,22,6284
90076,38,3920
90072,26,9140
90006,45,947
90094,4,5331
90095,20,2050
90043,33,9205
90080,25,6143
90069,7,5469
90018,33,540
90041,11,5950
90032,39,6156
90016,29,9072
90011,22,2907
90070,5,622
90095,39,6244
90080,22,3226
90098,10,7199
90059,36,3314
90010,21,3400
90020,0,1169
90000,27,2152
90091,5,6865
90014,22,4553
90045,0,331
90097,5,6923
90050,46,2273
90082,39,3299
90096,3,324
90007,29,3643
90021,45,6312
90031,48,3925
90010,25,7184
90089,9,3096
90047,0,8466
90085,7,4513
90021,4,6072
90054,18,5086
90007,3,4669
90093,44,211
90028,13,6188
90042,45,5088
90046,39,5712
90086,28,7288
90025,29,2269
90064,16,7454
90061,41,1989
90037,8,6197
90062,25,1947
90073,36,4702
90013,42,8002
90027,22,3320
90006,39,6150
90024,22,2617
90073,15,8503
90011,27,6215
90022,4,538
90059,28,6725
90054,9,530
90094,23,2249
90001,24,8178
90050,31,2553
90085,19,3156
90028,23,2424
90000,40,541
90018,9,448
90021,14,5784
90041,3,9367
90020,7,5724
90096,16,4869
90053,8,2011
90033,34,8334
90017,5,8271
90038,28,5575
90045,15,1963
90004,3,5533
90064,45,3686
90000,22,3908
90089,6,8433
90042,8,4054
90030,0,706
90017,9,6538
90055,7,3691
90092,3,6258
90012,7,2429
90097,11,8813
90031,19,6412
90026,5,362
90010,36,6056
90038,41,4576
90099,15,4971
90049,10,4967
90007,32,5984
90093,24,3017
90059,44,9666
90085,19,8561
90097,48,1883
90021,22,2954
90042,19,5301
90038,32,3341
90020,33,4076
90010,4,3531
90020,6,2774
90055,45,4830
90078,37,1639
90065,15,785
90075,16,7457
90000,42,1368
90078,41,705
90081,43,4431
90002,39,7985
90085,38,2896
90012,8,8397
90050,28,1314
90086,30,9646
90030,5,527
90027,11,5856
90023,27,4743
90097,17,4444
90097,22,4200
90065,31,1540
90035,12,5799
90014,25,4674
90058,30,7690
90093,43,7431
90013,25,1736
90011,33,152
90082,1,8841
90024,28,8432
90017,35,8124
90099,8,5649
90052,31,7235
90011,19,1853
90084,48,1376
90052,2,4275
90019,39,2120
90080,8,1368
90077,8,6309
90030,26,8641
90038,49,6830
90030,43,4861
90029,44,1932
90057,37,2139
90046,11,8784
90049,8,7876
90001,16,465
90003,32,2822
90089,47,2690
90076,6,4604
90077,28,1452
90039,26,8781
90044,31,6591
90053,20,1372
90041,24,2157
90073,33,8810
90095,44,6881
90093,25,1810
90072,31,8267
90084,6,2968
90014,40,9208
90083,41,8163
90089,23,4316
90056,38,8921
90020,22,7682
90032,9,7893
90075,13,1192
90088,48,1681
90079,24,7852
90090,13,3677
90070,35,8165
90073,9,8963
90005,0,6826
90008,16,5997
90004,12,6678
90021,11,376
90004,30,3313
90097,32,2569
90018,12,4693
90064,13,8667
90047,46,8924
90096,43,5435
90026,15,594
90020,30,460
90042,35,10025
90073,35,5712
90073,24,1237
90086,13,1278
90044,43,1866
90092,39,7121
90062,34,2851
90056,2,3198
90063,22,6363
90060,38,815
90076,25,9029
90004,14,2710
90073,4,2771
90000,31,3255
90030,15,951
90039,22,1571
90096,10,7156
90006,11,6318
90030,47,6893
90047,19,2074
90091,21,6106
90049,6,3439
90084,17,943
90008,32,7275
90008,9,2005
90006,16,1016
90015,44,8679
90004,0,6692
90087,46,971
90090,41,2987
90095,7,3149
90061,42,3180
90033,14,9427
90085,15,6871
90075,9,1651
90016,18,4881
90022,44,8112
90013,39,399
90058,22,9120
90040,37,3590
90008,13,7158
90004,35,6441
90055,13,1682
90091,26,4439
90030,34,6019
90000,3,3392
90012,33,1827
90061,21,9788
90005,43,6807
90087,30,8452
90074,21,7484
90099,43,9532
90038,19,9676
90079,15,9883
90067,28,3762
90048,12,2088
90015,28,1209
90057,2,4790
90002,18,7655
90083,32,8043
90086,18,3273
90056,24,5862
90085,28,150
90014,40,6302
90094,48,1817
90050,24,3333
90038,44,6638
90042,34,6745
90083,35,7320
90010,32,7641
90092,15,648
90012,26,1930
90072,19,5892
90084,9,3539
90049,29,4392
90089,43,2243
90067,48,2413
90067,39,9218
90070,21,568
90045,25,7598
90057,41,4996
90090,19,478
90038,47,8755
90088,19,8322
90094,31,918
90052,11,8566
90041,49,5856
90010,43,5263
90076,30,6074
90046,37,8304
90032,21,8113
90065,40,2182
90041,7,2240
90047,9,2250
90037,33,8617
90048,7,9608
90001,35,9599
90070,37,6643
90028,26,2293
90068,47,7149
90034,21,9645
90085,34,8639
90089,37,8505
90062,47,8346
90034,45,7676
90052,4,302
90060,10,2743
90021,45,2415
90050,17,7546
90046,9,2847
90093,25,4424
90051,7,9403
90047,11,4560
90055,38,5724
90015,24,8668
90071,4,5862
90042,9,6365
90083,20,204
90014,33,4007
90081,3,7359
90088,41,7580
90055,4,2274
90095,35,1374
90096,45,3272
90044,7,530
90024,2,3220
90078,22,4376
90061,40,5117
90076,16,1397
90062,45,4459
90078,46,6218
90037,25,9694
90061,1,1955
90006,11,2800
90044,47,5413
90065,43,8653
90010,32,5227
90075,32,3889
90046,43,10049
90026,11,7815
90092,4,8847
90096,36,10006
90072,31,9522
90082,27,3745
90019,49,3582
90060,24,6938
90006,48,3669
90068,44,2052
90098,44,4877
90049,8,1041
90007,48,10031
90073,4,4724
90016,10,1790
90031,44,6457
90069,5,8072
90038,18,3212
90002,33,9532
90008,26,3128
90082,18,8140
90099,21,9066
90002,19,8584
90040,21,8575
90053,48,6270
90067,46,3727
90036,33,4826
90041,48,8074
90043,46,7145
90053,0,5348
90056,31,3412
90087,15,6779
90034,20,7047
90085,22,7665
90057,44,3964
90039,49,8755
90067,12,8166
90033,12,8875
90049,21,741
90000,22,2610
90017,23,5448
90071,17,3564
90013,40,1264
90048,29,9009
90076,1,6706
90044,14,5283
90023,32,5390
90083,33,5986
90040,0,8559
90010,19,3199
90047,1,1393
90074,33,3554
90067,19,8668
90098,14,7736
90057,29,7751
90059,23,1363
90052,43,2164
90076,30,3406
90005,7,6654
90053,16,5874
90096,46,3320
90074,10,5104
90083,33,2108
90017,1,5315
90013,42,3110
90023,38,5892
90083,44,6665
90031,28,3625
90060,3,4243
90021,29,7388
90035,12,7398
90035,9,7589
90031,49,1813
90064,31,6814
90022,20,817
90034,0,8314
90064,9,4238
90064,9,1820
90037,15,8414
90060,40,3430
90017,42,7651
90031,24,347
90041,2,7488
90010,17,3773
90048,29,9976
90099,4,3807
90076,20,8701
90030,8,7571
90022,13,3697
90011,48,7180
90060,39,4039
90088,8,2620
90001,33,9138
90017,12,8662
90031,20,8227
90076,23,1756
90047,48,1761
90021,38,6453
90068,25,7072
90007,10,6124
90064,3,3672
90053,47,2481
90007,22,6632
90087,36,5678
90086,20,6478
90077,44,10026
90066,39,6609
90007,35,5970
90058,44,6425
90013,38,8681
90081,36,5735
90057,27,1505
90044,5,3944
90031,15,9813
90081,41,8933
90073,49,420
90070,30,672
90033,35,4082
90083,44,4845
90037,20,4483
90055,36,5206
90097,41,8419
90022,9,4847
90026,13,2119
90093,16,118
90036,42,9000
90000,36,362
90056,0,1785
90001,32,2474
90093,5,8906
90010,30,8076
90085,35,4406
90063,19,5133
90001,20,8047
90081,29,4568
90065,40,7925
90079,25,9605
90047,47,2809
90035,14,3781
90045,45,2926
90094,19,3186
90002,5,703
90046,38,6795
90054,44,1691
90038,7,7886
90041,36,4222
90092,23,1913
90099,20,236
90009,19,7801
90000,0,59
90037,18,4459
90029,45,7008
90087,42,6771
90065,35,4296
90047,14,8304
90097,25,4311
90065,46,6370
90090,31,5216
90090,37,9243
90012,19,8284
90036,2,4864
90013,32,5498
90089,21,2812
90089,35,2151
90078,45,6713
90092,44,472
90062,0,3718
90092,13,4183
90066,32,3240
90000,36,5519
90027,47,7775
90069,11,3010
90037,7,6479
90084,27,7635
90097,15,9465
90041,23,6164
90001,44,7585
90020,18,7240
90003,49,1818
90003,8,4730
90095,6,8708
90001,22,7954
90036,22,1476
90000,22,717
90081,3,7867
90005,44,3317
90021,3,5132
90091,10,433
90008,1,6408
90007,18,9364
90084,0,1030
90016,44,2385
90087,2,5092
90087,10,4846
90035,21,4533
90049,4,2441
90000,26,2829
90047,45,9241
90003,22,1680
90053,39,6001
90066,21,861
90086,17,3715
90053,7,586
90034,24,4004
90098,15,585
90049,7,3381
90026,17,9204
90015,39,5293
90090,25,9445
90057,42,3856
90011,19,170
90082,24,865
90052,6,1063
90026,8,273
90086,11,7281
90019,30,9700
90066,29,6844
90002,48,4498
90047,3,4109
90009,13,628
90076,5,7392
90047,34,1378
90004,12,8491
90041,9,7682
90071,32,7252
90012,45,9350
90013,23,3153
90057,7,5829
90091,5,2158
90045,34,1610
90065,31,5219
90034,1,2485
90054,46,5324
90007,29,9049
90018,16,2762
90085,2,2783
90087,6,4225
90069,18,8255
90046,40,5043
90024,16,9439
90043,38,7390
90007,8,4922
90026,33,3281
90026,15,9914
90032,48,7981
90053,25,6308
90033,13,8596
90007,15,5135
90062,7,3580
90025,15,5932
90012,20,9169
90012,35,2418
90057,19,5990
90022,34,1674
90045,15,5594
90054,31,1751
90028,9,7474
90062,22,7813
90048,35,2232
90086,1,8502
90040,28,5096
90000,2,6637
90094,7,4318
90060,25,4019
90049,28,5662
90096,35,118
90033,1,9479
90056,6,8694
90031,9,8860
90054,47,2973
90047,7,2207
90052,7,4620
90077,41,1146
90009,19,383
90070,16,9949
90002,39,5039
90037,6,5946
90046,27,8607
90058,12,6789
90063,32,4256
90077,21,1247
90014,31,8395
90070,13,8937
90030,7,676
90043,39,9318
90094,0,7387
90043,16,7458
90064,38,5695
90061,17,4741
90080,40,4065
90075,8,9801
90011,43,9982
90016,26,1018
90042,32,1873
90023,32,1633
90094,30,9235
90094,37,5657
90070,44,9520
90063,26,3821
90033,13,8113
90062,19,7223
90046,5,8754
90056,45,78
90037,30,3181
90025,34,6987
90075,16,6357
90092,15,9810
90088,10,9053
90008,47,667
90069,20,3868
90095,47,585
90042,37,5514
90002,25,9821
90000,4,8997
90097,32,5749
90006,20,7748
90054,21,3519
90012,46,3935
90079,27,280
90056,49,2578
90016,46,6576
90068,14,852
90017,19,2197
90041,23,1037
90069,29,713
90031,42,9273
90094,49,5197
90062,16,4013
90018,38,6363
90097,2,2692
90060,1,1981
90037,26,3943
90009,37,8556
90044,46,4754
90064,25,229
90068,37,9262
90007,26,5774
90095,44,7116
90047,31,2841
90037,2,9350
90006,20,7594
90082,39,7479
90018,29,4029
90001,40,6884
90081,44,6222
90081,29,7591
90025,35,1806
90006,12,9783
90088,33,4529
90075,49,10027
90092,24,5031
90091,21,6885
90011,32,5403
90007,9,10022
90036,14,1878
90074,40,8673
90064,46,5191
90010,13,2532
90025,7,6666
90076,25,5438
90024,7,2631
90062,17,344
90027,2,4577
90006,5,6356
90062,0,4127
90072,48,6555
90036,41,9246
90046,41,8021
90053,12,6560
90068,44,4737
90007,42,1106
90031,44,8805
90099,35,5264
90070,33,5591
90031,43,7489
90040,36,9340
90029,34,8931
90018,16,5411
90029,13,4136
90005,45,6775
90036,49,9231
90076,39,7849
90086,5,8553
90047,31,2227
90011,5,8746
90049,11,621
90001,31,1955
90018,29,3716
90000,44,7996
90052,19,9076
90014,29,3232
90032,6,10017
90088,7,4378
90013,38,5454
90039,25,2200
90072,33,1077
90098,19,7820
90088,10,5122
90018,2,931
90083,30,5212
90058,1,612
90008,23,5847
90005,9,1994
90096,17,4586
90014,44,8620
90030,40,2867
90032,6,9537
90084,39,170
90068,44,3671
90063,24,62
90031,8,479
90014,34,916
90076,2,269
90089,6,9054
90056,22,4802
90036,32,9247
90060,7,6729
90046,9,8522
90088,16,3926
90002,19,8497
90037,4,9519
90073,0,9583
90011,12,9217
90023,17,5850
90062,32,8364
90015,29,8537
90074,46,5448
90058,47,5985
90063,25,4230
90072,32,3103
90010,44,4130
90035,15,7853
90016,26,106
90006,42,2520
90081,16,3570
90004,48,609
90009,11,6426
90068,13,766
90080,13,8066
90024,23,952
90036,39,5714
90050,28,2712
90092,43,4481
90092,34,3870
90010,34,9645
90088,48,6028
90096,18,3184
90011,41,9030
90077,42,6883
90020,49,6669
90050,21,5510
90014,0,455
90056,22,5474
90029,8,1104
90041,19,2508
90014,14,7967
90030,36,1364
90052,44,9936
90045,21,2365
90091,38,7862
90049,6,8675
90068,17,1496
90031,23,1108
90099,46,6555
90054,36,9601
90004,17,2664
90017,22,4389
90087,35,822
90047,23,4467
90071,42,8826
90028,22,3366
90071,41,3983
90008,48,5663
90011,46,1241
90089,34,7220
90056,7,10031
90079,19,9210
90041,11,8456
90055,36,6324
90012,11,522
90096,38,9161
90034,5,6395
90006,45,6829
90057,1,4122
90014,14,6790
90084,22,2815
90070,19,8827
90007,2,4579
90041,28,8215
90011,13,514
90030,31,8763
90092,11,7215
90008,34,8154
90021,36,4685
90073,45,4262
90087,43,9325
90050,15,8867
90002,16,2562
90093,23,3249
90094,1,2159
90016,48,7365
90056,11,7879
90093,36,1345
90027,2,1323
90048,18,3222
90026,12,3694
90085,8,1550
90073,41,3160
90033,9,7680
90088,14,5454
90047,45,5694
90048,37,7965
90088,16,9505
90056,16,7247
90036,13,4272
90062,40,2111
90072,21,2264
90069,25,8730
90033,2,1812
90084,21,2641
90013,48,2835
90033,15,4312
90053,25,1939
90015,5,9645
90010,25,5323
90045,14,9887
90000,22,7877
90030,2,854
90001,46,8679
90080,34,2512
90081,41,2129
90073,12,211
90044,9,6188
90048,43,3897
90075,26,8978
90060,27,6635
90052,29,5135
90080,49,549
90044,27,2829
90069,37,9159
90063,18,5148
90042,32,5224
90058,26,1557
90017,44,7130
90047,4,2932
90012,28,5883
90023,49,6815
90086,19,3401
90036,2,525
90018,31,3403
90014,38,727
90060,21,233
90016,41,3946
90095,44,8775
90094,38,7221
90034,8,5636
90077,28,7435
90023,36,6416
90005,8,7711
90064,13,8800
90076,23,2003
90083,16,5156
90030,19,4953
90028,11,3104
90071,23,7316
90072,30,4311
90044,37,871
90090,3,7194
90044,33,7779
90089,1,9787
90093,34,331
90070,33,4704
90090,1,8440
90096,17,1369
90030,19,2183
90067,42,6739
90083,38,9122
90027,49,2809
90029,12,8851
90051,7,7717
90007,25,2508
90089,47,4279
90095,4,7348
90031,18,6858
90084,37,4123
90062,28,1201
90082,18,2433
90031,29,8237
90052,46,8075
90058,43,1425
90015,1,8491
90088,24,6496
90086,44,10034
90005,23,1932
90089,22,3284
90081,46,1788
90050,6,1407
90084,45,646
90063,18,3697
90029,28,8105
90009,14,3776
90054,22,8907
90083,6,3062
90040,1,8891
90081,17,528
90047,5,8599
90073,0,9851
90022,31,6649
90099,36,8040
90007,13,8695
90075,20,7393
90054,43,2858
90039,16,4848
90077,0,3183
90037,6,1453
90012,34,3243
90070,1,783
90061,8,7170
90034,34,3314
90035,38,4999
90041,17,5424
90004,48,5575
90063,1,1187
90016,35,3925
90007,42,6489
90049,17,9931
90057,20,4736
90079,25,8233
90021,7,9310
90064,28,7490
90036,49,2236
90073,10,6873
90044,10,9031
90071,42,7160
90008,3,9087
90055,28,1305
90037,18,5565
90005,18,5709
90075,41,6773
90069,49,8840
90043,4,6680
90073,27,7837
90058,21,3786
90060,41,7020
90097,6,2908
90060,32,9649
90004,44,4593
90022,1,8488
90077,2,9690
90051,46,6801
90034,42,2540
90046,15,9184
90034,43,8430
90061,14,2670
90036,25,6640
90054,1,7634
90091,41,1755
90043,12,7776
90066,19,8821
90030,25,2001
90092,47,5941
90089,16,5850
90014,48,6910
90067,31,7430
90059,20,7427
90025,6,1289
90062,19,9720
90072,5,2133
90006,48,7742
90079,3,1847
90037,18,5854
90051,10,4789
90004,27,1361
90099,44,1971
90063,8,9952
90071,29,775
90030,3,7877
90067,42,2931
90062,14,3865
90073,37,8976
90018,5,3743
90010,47,9070
90097,29,1855
90035,4,1049
90082,37,2685
90036,6,1115
90044,30,1242
90079,35,3222
90050,8,1163
90035,9,1113
90009,9,9137
90099,6,466
90088,42,8131
90079,24,7431
90063,26,1906
90010,24,1997
90011,19,6869
90059,29,6340
90098,20,7093
90073,40,4235
90049,19,8618
90012,40,5788
90055,46,8630
90001,20,8040
90095,43,5931
90079,43,5500
90098,44,7258
90013,10,3644
90075,17,1573
90004,44,703
90042,13,1868
90071,14,3798
90039,10,3776
90025,7,863
90065,40,560
90088,40,1698
90054,26,9637
90012,38,626
90026,12,2240
90056,4,5078
90037,34,4603
90092,29,9392
90092,16,3959
90035,29,2657
90060,17,7128
90060,7,8596
90010,42,7815
90008,18,7585
90059,22,1031
90077,11,4031
90067,35,5146
90082,29,6539
90080,14,3717
90096,11,7441
90075,0,6357
90004,16,4171
90042,33,2448
90030,42,6713
90066,4,4326
90023,4,6254
90026,30,783
90069,46,1749
90062,30,8237
90041,2,9831
90068,12,8082
90041,2,7985
90012,12,4927
90074,24,9307
90009,43,3736
90090,17,3200
90012,34,5994
90053,21,9406
90001,6,6454
90089,34,4384
90076,21,4200
90036,35,8232
90052,13,6249
90096,20,8395
90098,16,4025
90007,42,1449
90063,48,3917
90040,20,9239
90048,28,6580
90014,10,1734
90053,1,4741
90015,8,1930
90072,30,1076
90064,34,2505
90029,23,2822
90097,38,2038
90034,40,550
90064,10,4004
90005,6,375
90060,16,3861
90074,28,6911
90025,24,221
90066,12,4023
90076,32,2624
90080,28,3289
90056,11,4084
90024,23,2275
90008,41,3075
90003,22,5947
90019,5,8984
90011,22,7701
90055,4,3723
90037,38,5615
90058,45,7817
90014,12,1346
90081,26,2502
90031,32,7667
90045,29,7944
90088,47,7014
90067,17,1474
90042,18,9458
90089,9,3756
90051,29,5119
90039,29,9752
90052,37,597
90063,1,6647
90045,7,6199
90086,26,7133
90003,9,206
90029,13,1479
90039,40,1871
90016,13,2162
90091,0,6795
90046,22,8687
90098,5,9700
90036,5,1234
90015,41,4084
90089,30,8371
90014,16,7514
90016,32,8564
90075,16,6987
90021,20,6103
90099,42,7093
90016,28,9935
90075,8,8840
90064,1,9902
90076,20,6296
90030,6,8904
90033,9,4760
90016,46,8910
90032,38,5337
90034,7,2003
90009,5,7279
90098,38,6713
90043,8,7259
90089,49,4399
90081,39,1969
90015,26,6542
90073,18,9271
90054,37,9732
90042,14,8518
90035,23,5091
90010,44,6592
90090,13,67
90017,0,1770
90008,39,8667
90011,18,6205
90025,15,7254
90033,1,5967
90000,2,2718
90009,5,4986
90064,9,2963
90012,43,851
90063,41,9256
90046,40,3180
90015,49,4269
90050,7,279
90096,19,6296
90006,13,5376
90063,34,1263
90064,18,6373
90071,11,6023
90037,32,6990
90019,10,6863
90078,21,5213
90030,45,6500
90010,31,239
90066,22,5514
90053,12,1989
90099,32,8451
90098,8,6759
90030,11,3116
90023,17,9543
90057,17,586
90035,35,7276
90071,13,7586
90089,35,944
90088,42,1970
90098,15,2734
90014,0,1666
90071,44,5990
90052,7,7629
90088,26,2610
90084,34,2461
90098,4,6224
90026,17,2996
90009,31,5895
90055,39,4225
90044,49,6284
90047,40,756
90006,1,432
90061,35,119
90034,0,994
90041,38,919
90023,32,6804
90025,30,3682
90070,25,4165
90030,12,6927
90064,11,1440
90011,30,3684
90007,9,7611
90097,46,7987
90078,25,9617
90017,3,10036
90022,0,2901
90096,41,5952
90064,5,9186
90034,22,5415
90015,33,2105
90072,32,4337
90029,5,1505
90006,5,5897
90029,19,2043
90055,1,3769
90047,33,8922
90027,41,4883
90036,31,1518
90051,22,3768
90080,38,58
90030,17,3987
90087,36,4985
90061,48,6598
90055,42,4039
90060,8,186
90071,2,3033
90076,25,8746
90062,48,4579
90022,4,5142
90025,31,7655
90058,1,8780
90065,33,58
90076,45,4129
90021,34,9523
90071,29,6235
90060,19,5773
90001,5,8543
90029,6,9219
90016,28,1687
90001,42,7602
90049,13,523
90031,36,3132
90019,32,2637
90040,26,1724
90020,34,9470
90031,39,7515
90095,34,8298
90051,22,8588
90071,40,2836
90024,30,8935
90022,40,8582
90040,23,1423
90004,25,8173
90014,49,8369
90006,9,9045
90038,32,5334
90024,6,8826
90092,31,5305
90044,41,6762
90030,3,8413
90054,45,4463
90066,30,932
90065,22,2675
90023,10,6669
90032,26,9378
90028,12,9549
90097,16,8416
90045,38,326
90072,6,2763
90084,10,7805
90007,37,4296
90032,2,5900
90062,33,2567
90004,28,949
90083,32,7327
90090,44,6633
90003,21,9401
90096,17,9113
90000,20,8864
90062,37,7740
90097,17,358
90084,48,6782
90085,3,5681
90042,33,8705
90045,30,2459
90024,0,684
90018,11,8384
90062,36,8555
90067,30,3703
90069,48,2839
90007,25,1800
90007,23,3409
90029,45,3336
90055,1,5869
90019,41,768
90061,33,6680
90013,34,6774
90061,29,2032
90073,39,4633
90087,13,4288
90094,19,6960
90094,45,7977
90078,6,6002
90044,41,8790
90000,27,199
90067,8,8397
90087,29,7672
90074,41,7627
90080,37,6137
90033,21,5952
90097,29,8231
90095,1,9856
90088,26,7108
90073,30,3363
90055,1,6733
90082,41,5414
90039,34,4487
90054,9,8146
90012,40,7808
90083,30,2195
90052,49,8868
90036,24,7129
90016,46,2994
90032,38,2665
90006,45,5392
90029,9,7876
90066,33,9805
90083,48,2029
90008,39,4286
90080,5,4203
90045,16,5012
90016,18,8036
90013,11,932
90050,13,4021
90084,37,6872
90089,8,6463
90067,49,2805
90005,0,388
90080,24,4156
90019,23,7493
90039,1,4308
90009,6,2726
90003,3,3250
90086,0,5817
90023,45,2135
90082,34,4369
90041,44,8387
90027,30,6571
90086,17,2002
90069,41,8295
90073,22,3024
90008,42,9476
90064,5,6788
90010,15,8242
90083,0,883
90096,38,4554
90081,49,7032
90001,39,1159
90012,29,6781
90039,36,5012
90067,7,6654
90021,35,1449
90065,35,3668
90039,39,4665
90050,48,7387
90015,34,5159
90014,15,10036
90051,16,1028
90017,48,963
90015,35,3589
90049,36,6537
90041,35,1186
90015,23,5301
90038,32,6323
90068,19,659
90085,28,3760
90055,9,9681
90070,49,706
90039,33,7748
90019,43,8725
90051,0,557
90075,22,9229
90025,12,8735
90005,18,2619
90042,14,606
90091,30,322
90014,22,4402
90083,4,3426
90014,47,218
90024,15,8461
90030,19,295
90014,46,7946
90098,39,5919
90079,9,9973
90011,15,9382
90071,4,2721
90024,12,2076
90075,12,4203
90044,45,5545
90071,18,5732
90092,31,9207
90038,16,5472
90066,33,8991
90092,12,2963
90062,1,1391
90046,42,1760
90037,29,262
90034,16,2618
90023,24,1938
90081,18,4720
90002,23,9780
90088,6,3519
90001,13,7879
90078,48,2037
90023,11,10005
90015,20,4849
90079,0,7372
90096,32,5176
90071,46,9183
90051,34,3749
90086,49,632
90093,43,1361
90044,40,3523
90030,20,3096
90061,46,2137
90045,29,2564
90012,3,1701
90026,42,5552
90072,8,7186
90064,21,3893
90025,36,3498
90085,47,9278
90029,31,7575
90092,38,1654
90077,29,8789
90041,9,3624
90016,9,8349
90009,24,8740
90017,40,5764
90049,14,1385
90081,12,532
90010,15,9804
90068,12,3064
90041,4,10005
90052,15,6857
90004,34,5696
90092,17,1807
90056,5,703
90074,28,780
90086,34,5422
90073,42,4422
90056,7,1281
90081,26,7916
90024,22,1564
90045,23,4553
90018,11,1268
90000,11,2680
90079,9,1660
90004,31,189
90063,7,2039
90015,49,1291
90099,46,663
90069,14,3123
90063,13,2176
90074,25,4152
90064,12,675
90005,1,5502
90072,11,3331
90044,32,2661
90012,34,6834
90088,14,3633
90003,20,4900
90098,45,6309
90086,31,3769
90071,28,2690
90049,6,7654
90035,39,5915
90044,34,7213
90072,7,7379
90031,42,2383
90014,19,908
90056,27,7528
90042,44,1519
90054,24,3176
90070,17,1315
90074,35,6632
90023,24,7753
90094,11,4226
90079,27,3258
90034,2,2625
90092,21,3026
90052,13,3376
90037,3,1722
90016,4,1304
90045,12,5901
90018,22,2149
90001,18,1142
90022,6,864
90043,38,3007
90064,46,6063
90055,28,3073
90072,47,9982
90088,39,9531
90051,43,8533
90000,2,7283
90013,15,5941
90019,27,9621
90020,34,8232
90093,47,2604
90095,46,2745
90057,49,3490
90028,17,9011
90051,32,834
90038,45,1295
90093,43,1589
90094,12,6921
90021,16,4296
90084,32,2250
90055,29,5491
90003,5,1454
90094,26,2706
90092,12,8127
90069,11,2319
90061,2,343
90084,26,2725
90009,12,4561
90062,45,4079
90008,4,8851
90053,32,4326
90007,23,6217
90028,30,3965
90015,7,5286
90030,42,3269
90037,22,8105
90094,45,2684
90040,48,6053
90018,1,7637
90016,44,7063
90076,24,4771
90042,13,6396
90062,13,4852
90014,16,5039
90076,26,1824
90078,9,452
90018,46,6525
90051,2,1148
90021,36,3589
90019,5,9336
90047,31,8542
90002,43,1931
90044,7,9595
90019,10,4950
90068,29,4173
90010,31,2332
90040,35,1160
90051,46,5560
90036,34,4634
90047,25,5268
90070,0,6952
90080,5,9851
90075,14,3704
90085,36,8643
90043,9,4161
90060,26,2235
90037,30,527
90051,11,2298
90060,30,3792
90034,34,5734
90093,41,9124
90056,6,2048
90031,38,1021
90027,49,1708
90084,15,5605
90055,40,9164
90059,30,238
90001,49,467
90045,4,2939
90065,12,1939
90032,24,5407
90099,7,5535
90082,49,476
90031,27,9545
90019,12,628
90033,42,9364
90087,32,9476
90084,7,5031
90036,16,7873
90050,18,6726
90037,32,9786
90009,23,4466
90045,43,9667
90058,2,8248
90076,13,4569
90057,47,9532
90005,5,7967
90091,5,6080
90015,15,7596
90031,14,485
90073,27,7050
90060,34,321
90047,14,2941
90099,19,4843
90082,33,9743
90047,22,6691
90078,23,9308
90036,23,8488
90091,42,2526
90073,17,9708
90076,32,8931
90004,48,5940
90018,36,9875
90033,48,5143
90004,48,1125
90015,36,141
90089,2,4406
90011,14,3486
90093,9,9093
90045,36,193
90084,22,8643
90030,42,5557
90058,46,5152
90046,38,6776
90087,0,843
90011,20,3420
90033,39,6006
90032,34,1789
90078,32,1242
90080,8,1016
90073,34,8180
90029,22,1991
90012,13,7907
90003,19,8886
90010,32,2898
90006,17,7295
90034,23,2258
90084,26,3114
90095,23,9377
90093,30,9641
90046,27,7089
90028,25,1023
90031,6,726
90029,26,5247
90011,31,9040
90035,37,6170
90074,28,1444
90064,13,6291
90049,14,52
90006,41,1453
90021,16,1249
90011,6,5131
90090,34,4543
90054,40,3438
90011,41,1568
90039,3,6681
90087,3,6598
90031,33,8655
90043,5,2452
90016,1,386
90059,36,9421
90035,14,3109
90019,9,1043
90003,41,1834
90011,10,7256
90092,6,1413
90043,41,3509
90060,15,3457
90077,49,9869
90096,37,961
90055,0,6424
90035,4,7130
90084,27,6666
90021,41,2009
90026,30,5730
90092,46,3812
90091,47,9016
90097,6,1536
90066,46,8651
90006,36,7640
90075,41,9676
90083,18,7120
90056,20,6314
90023,5,3995
90035,42,6440
90013,30,454
90068,16,2728
90066,39,9062
90094,0,7635
90075,6,9868
90025,10,4749
90068,36,2388
90004,7,2370
90093,5,8054
90098,24,7419
90070,6,5011
90025,21,2556
90095,31,9373
90025,15,3703
90045,0,8821
90080,40,8846
90067,27,560
90027,28,212
90095,33,7823
90036,33,2540
90095,36,8036
90017,34,4296
90092,38,6499
90095,5,4874
90023,13,1437
90034,4,5253
90057,2,2486
90059,19,4396
90097,4,4735
90054,23,7040
90073,40,7883
90048,30,2277
90035,34,6910
90045,27,637
90079,45,9400
90003,5,3483
90085,9,1617
90005,48,1252
90045,16,9120
90084,40,7775
90023,30,7100
90051,19,6921
90075,34,9647
90039,12,3452
90015,40,2728
90075,0,9422
90044,30,3586
90089,7,6831
90011,39,5418
90096,21,8517
90074,19,1616
90026,37,6193
90079,44,8448
90025,5,10030
90095,11,1760
90047,42,6390
90060,31,2486
90012,13,5524
90043,31,7071
90005,30,6723
90077,17,162
90016,22,9482
90046,48,4560
90084,28,8646
90042,42,3093
90059,7,6737
90048,17,8522
90007,38,6087
90027,21,7002
90054,21,176
90018,20,8208
90050,24,6665
90012,4,10038
90043,23,9906
90033,48,3023
90017,23,1866
90040,47,4620
90061,24,4818
90039,25,3812
90061,11,435
90068,0,7950
90056,20,7712
90012,33,4781
90040,32,4340
90071,39,1371
90089,20,790
90062,18,4205
90083,28,7254
90099,45,5792
90046,38,9585
90048,46,198
90074,31,2253
90030,29,2075
90052,7,2488
90036,22,724
90036,48,8196
90026,7,4407
90075,49,856
90074,35,8154
90023,39,6590
90060,20,9111
90022,23,2520
90050,36,638
90014,5,6029
90032,46,8730
90010,33,3503
90068,30,1824
90046,42,2948
90084,32,8579
90035,44,7246
90043,4,7750
90074,48,7676
90095,22,9723
90026,45,8806
90052,9,4540
90064,27,1766
90050,1,9845
90002,14,9974
90000,8,4127
90043,47,5473
90079,12,5270
90044,1,9745
90059,43,7336
90026,23,9103
90002,8,7862
90068,24,836
90014,33,4736
90015,45,9490
90059,38,9041
90010,7,7445
90004,22,3410
90069,11,9461
90019,12,7142
90059,43,9350
90004,41,7536
90011,24,5481
90036,49,4481
90034,49,5249
90047,48,4252
90057,13,9040
90008,11,3572
90097,17,7721
90029,5,2539
90033,26,673
90088,8,4799
90063,8,8799
90066,40,5924
90044,3,2495
90011,37,8038
90044,3,8119
90048,16,3718
90026,36,863
90044,14,2387
90095,15,5715
90020,14,7971
90053,49,5352
90037,45,7674
90030,16,7170
90007,2,5420
90069,11,7799
90080,24,6757
90032,20,5274
90031,26,9574
90045,17,7793
90033,42,1359
90045,34,9869
90061,29,667
90017,31,5428
90055,10,3235
90027,49,2255
90074,25,8723
90094,10,9867
90054,47,3235
90022,30,2604
90034,11,2160
90053,9,4679
90017,36,9687
90077,16,4733
90056,48,5473
90041,23,5699
90049,9,8209
90092,24,3105
90079,33,5313
90040,26,5476
90049,21,2785
90039,0,2848
90048,26,8373
90090,48,397
90016,49,2440
90055,20,2711
90000,40,5401
90073,43,6523
90034,11,79
90026,26,3206
90095,0,650
90006,3,6210
90059,34,3398
90004,5,6745
90065,36,6902
90005,3,1989
90075,34,3845
90010,48,5399
90068,6,1926
90053,29,1156
90011,2,6508
90054,3,2486
90090,8,6579
90068,17,5158
90017,43,4347
90000,18,1069
90018,11,7266
90059,9,2782
90038,28,2527
90071,22,1725
90073,18,3458
90053,36,1422
90073,12,1182
90002,22,6502
90030,40,1814
90087,5,4765
90026,13,8429
90066,31,2260
90051,22,9620
90064,38,4446
90065,21,7582
90063,30,327
90047,29,542
90031,47,3495
90077,33,3526
90087,43,7914
90081,20,2553
90095,34,3728
90003,20,2218
90010,8,67
90075,22,5655
90073,22,9070
90006,1,6571
90093,0,4544
90075,34,4882
90074,17,1748
90061,11,9152
90025,0,3353
90098,17,3736
90001,31,2616
90034,41,2540
90079,34,8898
90039,0,9855
90039,20,195
90015,23,4611
90087,36,8953
90026,8,2132
90065,32,387
90091,15,8042
90094,24,6291
90032,31,4830
90009,41,9280
90028,12,8271
90068,12,1069
90060,36,2651
90091,19,1923
90082,36,1922
90041,42,895
90002,12,9683
90079,28,2831
90032,9,6499
90035,23,5160
90015,35,2602
90082,1,3285
90086,26,9129
90089,33,8066
90038,41,7341
90012,8,2848
90050,21,4068
90041,19,5895
90081,36,8405
90096,0,3505
90075,47,9882
90079,46,3049
90010,44,1839
90028,20,6073
90033,10,4909
90012,8,1068
90030,33,9552
90089,17,2157
90085,42,5361
90026,16,741
90085,39,9955
90030,45,1813
90071,47,7869
90051,24,7179
90091,16,2676
90036,37,6724
90000,28,7139
90043,17,9017
90049,27,4321
90098,14,7602
90022,40,4260
90020,30,9378
90001,1,9912
90014,49,8950
90031,17,9133
90054,20,2568
90055,24,2883
90048,8,5580
90025,15,4865
90062,3,7366
90066,13,1737
90009,45,3042
90029,33,2362
90014,11,3275
90016,48,345
90074,31,2933
90045,5,7509
90013,5,713
90023,5,4456
90079,22,9715
90068,10,9581
90002,15,6270
90067,29,3067
90071,5,7437
90061,42,2132
90024,49,420
90079,0,7023
90035,46,3928
90051,48,9557
90038,35,5965
90091,21,9367
90073,33,3468
90075,2,3706
90040,35,7186
90028,35,2093
90028,0,736
90018,11,2815
90032,45,7388
90025,35,1738
90062,19,811
90001,17,1273
90001,13,3568
90065,24,5572
90079,46,9206
90036,37,9567
90003,41,4961
90094,21,5851
90058,45,4307
90088,33,3179
90068,26,1118
90021,15,865
90040,25,5124
90047,17,3570
90022,0,4489
90042,3,8956
90053,10,3055
90017,27,6752
90052,25,3037
90007,29,9285
90042,35,5124
90016,21,6790
90034,18,1224
90066,25,2188
90013,21,1526
90090,47,3606
90096,13,5293
90006,12,9699
90041,30,4576
90052,17,9611
90006,46,7476
90020,3,2764
90082,36,705
90053,9,9422
90088,2,4669
90031,13,1579
90003,20,3321
90060,26,6708
90034,21,3639
90032,4,7467
90012,0,289
90023,27,3791
90049,44,2081
90084,22,2785
90075,29,4004
90045,11,7743
90018,19,9390
90058,44,7452
90020,20,6409
90093,18,5971
90048,39,4720
90031,47,3952
90048,36,2413
90074,9,4459
90060,6,7162
90005,34,5473
90093,31,183
90080,23,5615
90024,19,8673
90006,8,5505
90097,24,9743
90061,31,8694
90063,40,5351
90021,16,941
90023,40,8492
90026,6,9870
90019,29,4982
90066,7,7121
90090,25,2317
90046,11,5027
90024,4,1639
90028,47,2086
90022,1,2257
90024,39,2829
90067,35,1976
90074,28,4251
90094,1,1053
90048,37,7337
90032,15,7949
90024,29,4275
90057,48,196
90024,12,6079
90068,21,4800
90015,40,4964
90062,49,5878
90092,11,8376
90074,42,5740
90043,15,9009
90041,42,5693
90009,3,4098
90059,41,8507
90067,27,3071
90091,36,7047
90076,22,1432
90001,26,2525
90086,12,3023
90076,23,9680
90096,14,5869
90070,20,347
90041,29,3260
90087,22,3177
90013,27,1430
90014,0,9154
90049,14,1206
90097,17,4211
90057,41,694
90076,35,7804
90071,34,7420
90029,33,7259
90064,28,7831
90045,22,10036
90008,39,1302
90074,33,6639
90008,23,1194
90015,49,9532
90062,20,2633
90053,8,3890
90008,45,3476
90094,20,6771
90019,37,1170
90061,41,8626
90058,45,5327
90052,0,510
90030,32,376
90098,29,4803
90091,0,5132
90086,43,7468
90072,37,3268
90094,21,3502
90020,46,2724
90091,44,2689
90042,47,4712
90099,36,6872
90008,41,3324
90023,28,4687
90099,42,4420
90055,13,7023
90029,1,1953
90018,47,3635
90083,34,5131
90037,29,4612
90074,32,9106
90090,5,3216
90015,8,324
90024,5,9067
90089,11,5057
90029,27,4593
90058,32,1842
90019,46,9347
90073,24,7343
90021,41,6926
90057,32,1835
90019,12,765
90031,30,2485
90001,37,5699
90034,11,2373
90064,38,7806
90042,49,7038
90008,14,307
90067,48,4780
90007,30,230
90025,21,8565
90048,16,4241
90035,43,9882
90032,30,8713
90046,12,3124
90041,6,3070
90096,24,745
90072,8,1912
90059,10,3062
90051,13,6413
90019,22,3524
90094,11,8088
90049,14,2389
90067,14,6289
90044,48,7461
90046,36,681
90097,9,3083
90057,43,188
90090,30,9127
90074,8,6190
90047,12,483
90026,38,7425
90028,6,7284
90011,32,427
90072,15,3880
90000,26,818
90065,21,3528
90051,1,1281
90069,42,2292
