sr,90061,90027,3406,154
sr,90043,90021,2207,43
sr,90073,90005,6809,523
sr,90053,90077,2400,40
sr,90094,90072,2205,78
sr,90059,90078,1905,100
sr,90003,90097,9405,627
sr,90065,90012,5303,132
sr,90021,90086,6509,114
sr,90036,90015,2100,175
sr,90051,90066,1504,57
sr,90015,90022,709,17
sr,90075,90088,1309,23
sr,90085,90060,2509,76
sr,90046,90098,5204,136
sr,90062,90074,1203,57
sr,90093,90024,6909,132
sr,90049,90061,1203,80
sr,90041,90024,1708,38
sr,90055,90085,3005,125
sr,90012,90007,503,11
sr,90083,90023,6002,115
sr,90016,90056,4000,363
sr,90000,90080,8006,190
sr,90055,90005,5002,151
sr,90029,90067,3804,135
sr,90096,90081,1509,58
sr,90080,90096,1602,42
sr,90091,90092,103,1
sr,90091,90051,4001,88
sr,90048,90081,3309,220
sr,90099,90080,1900,146
sr,90065,90033,3208,106
sr,90093,90069,2403,171
sr,90097,90048,4906,86
sr,90062,90087,2500,100
sr,90057,90093,3609,144
sr,90012,90056,4407,104
sr,90045,90073,2807,100
sr,90009,90004,501,9
sr,90075,90094,1902,48
sr,90040,90047,707,47
sr,90000,90044,4402,89
sr,90094,90042,5204,371
sr,90084,90056,2808,147
sr,90052,90057,502,9
sr,90084,90094,1006,20
sr,90036,90063,2706,49
sr,90027,90041,1404,87
sr,90023,90041,1808,120
