sr,90047,90081,3400,60
sr,90057,90047,1005,50
sr,90000,90045,4501,264
sr,90003,90078,7506,341
sr,90026,90076,5000,86
sr,90047,90058,1105,20
sr,90048,90073,2501,131
sr,90037,90076,3907,67
sr,90059,90035,2407,80
sr,90044,90088,4407,191
sr,90025,90085,6000,222
sr,90046,90076,3006,143
sr,90069,90015,5403,174
sr,90040,90085,4506,79
sr,90075,90006,6908,125
sr,90014,90025,1102,24
sr,90077,90063,1400,70
sr,90056,90033,2304,64
sr,90008,90019,1105,42
sr,90069,90074,504,21
sr,90000,90017,1708,142
sr,90022,90062,4000,100
sr,90068,90096,2806,66
sr,90048,90077,2900,126
sr,90053,90007,4603,109
sr,90073,90053,2005,34
sr,90014,90088,7408,211
sr,90079,90074,502,23
sr,90095,90001,9405,276
sr,90012,90071,5904,178
sr,90055,90077,2204,110
sr,90021,90025,400,16
sr,90091,90057,3407,85
sr,90062,90042,2009,35
sr,90043,90022,2100,58
sr,90016,90014,205,6
sr,90030,90059,2905,64
sr,90044,90045,100,2
sr,90093,90093,7,0
sr,90003,90081,7801,650
sr,90084,90052,3201,57
sr,90059,90007,5203,371
sr,90025,90004,2104,60
sr,90098,90068,3007,58
sr,90017,90060,4302,204
sr,90088,90068,2009,133
sr,90064,90055,905,19
sr,90046,90061,1507,51
sr,90079,90093,1408,23
sr,90082,90058,2402,49
